65518
58
215
65247
253
65522
65505
253
65234
293
65241
120
65337
475
34
65383
65407
52
10
76
65471
65077
65250
65438
199
65398
49
65150
65310
65138
65348
113
65462
188
64860
15
65036
356
65237
65415
64869
65426
13
197
174
65305
64878
64775
65449
233
128
65223
64643
64596
5
315
90
64981
64952
64618
132
65385
264
64602
64984
64503
476
65475
207
64658
64838
64369
64666
65496
206
137
64499
64300
64490
191
65498
65413
64419
64471
64553
76
65517
65354
64325
64294
64429
65342
65466
65176
64091
64258
64239
246
65441
65274
64850
64000
64425
64427
65454
65176
64829
63959
64395
64321
65363
64771
64735
64133
64488
64289
65128
65393
64907
64071
63687
64063
64994
72
64543
63898
63480
64198
65188
65360
64664
64372
63527
64064
64519
65420
64190
64353
63549
64464
64480
65242
64382
64013
63575
63591
64620
64771
65091
64027
63669
63685
64403
65416
64932
64393
63259
63692
64203
64410
64742
64360
63890
64027
64025
64492
64568
64349
63924
64037
64174
64504
64430
64609
63955
63975
64082
64123
64567
64460
64328
63879
64011
64103
64764
64611
64132
64181
63807
64427
64199
64675
63964
63874
64066
64469
64672
64446
64157
63812
64288
64258
64497
64457
64056
64218
63774
64574
64161
64559
64362
64095
64036
63937
64667
64133
64296
64057
64081
64385
64548
64521
64361
64068
64171
64188
64601
64529
64456
64192
63987
64398
64216
64722
64458
64458
64205
64387
64580
64568
64557
64451
64197
64261
64594
64677
64523
64531
64248
64546
64653
64939
64587
64783
64234
64416
64846
65005
64856
64530
64720
64526
64708
64655
64629
64763
64689
64525
64955
64399
64749
64687
64753
64483
64179
64772
64721
65086
64789
64696
64287
64754
64817
64985
64872
64751
64477
64840
64812
64923
64850
64807
64695
64925
64935
65034
64607
64789
64668
65535
65162
65052
65386
64885
64965
64586
65125
65224
65152
64757
64625
64609
65379
64929
65204
64468
64525
64671
65413
65438
64860
64622
64436
64900
65059
65340
64564
64870
64324
64876
64854
65079
64843
64624
64521
64420
64818
64876
64580
64717
64451
64467
64690
64942
64285
64686
64347
64394
64773
64786
65072
64630
64619
64516
64852
64846
64958
64678
64443
64557
64881
64400
64884
64283
64735
64574
64981
64343
64691
64486
64706
64518
64932
64316
64584
64894
64713
64686
64308
64250
64454
64773
64597
64297
64343
64345
64792
64774
64601
64609
64407
64635
64461
64683
64366
64661
64687
64757
64632
64571
64499
64422
64517
64400
64488
64754
64740
64572
64663
64353
64429
64343
64613
64527
64686
64313
64515
64823
64706
64305
64032
64414
65006
65003
64736
64357
64085
64392
64840
64945
64891
64665
64285
64442
64709
65040
64649
64924
64149
64558
64652
64990
64478
64740
64226
64448
64696
64849
64881
64684
64235
64219
64795
64837
64850
64708
64158
64297
64897
64786
64890
64641
64530
64396
64792
64655
64859
64903
64699
64481
64573
64732
64892
64802
64635
64307
64241
64703
65117
65150
64756
64470
64104
64906
64824
65175
64419
64329
64334
64798
65048
64668
64765
64349
64439
64864
64959
64917
64414
64603
64532
64908
65083
65053
65020
64448
64387
64443
65321
65099
64886
64487
64516
64839
65083
65195
64757
64627
64535
64574
65263
65103
65081
64306
64610
64609
65081
65128
64725
64305
64356
64422
64661
65003
64645
64729
64354
64400
64750
64999
64578
64697
64424
64647
64806
64968
65052
64765
64475
64586
64864
65147
65007
64706
64504
64619
64866
65255
65017
64675
64737
64690
65001
64720
64941
64702
64740
64744
65016
64684
64907
64603
64727
64706
64768
64820
65039
64905
64736
64431
64430
64619
64959
64859
64579
64529
64444
64443
64657
64608
64698
64210
64425
64635
64643
64859
64364
64547
64280
64939
64633
65012
64372
64548
64328
64341
64828
65039
64874
64397
64483
64371
65003
65063
64772
64191
64266
64501
65085
65074
64783
64122
64200
64378
64954
64890
64522
64048
64157
64672
64843
64834
64715
64626
64293
64274
64600
64979
64547
64873
64191
64568
64673
65066
64694
64851
64288
64072
64641
64994
65093
64894
64096
64210
64307
65155
65106
64672
64098
64254
64693
65449
64837
64757
64652
64217
64589
64559
65142
64315
64531
63889
65141
64693
65025
64429
64453
64293
64097
64821
64900
65037
64391
64256
64309
64675
65088
64717
64765
63801
64434
64614
64944
64943
64274
64423
64264
64954
64977
64948
64134
64152
64100
64770
64986
64716
64836
64139
64198
64423
64865
64640
64723
64333
64139
64456
64836
64554
64838
64291
64206
64349
64863
65024
64861
64342
64255
64407
64988
64985
64682
64119
64156
64541
64266
64831
64481
64790
64252
64676
64079
64731
64369
64733
64370
64720
64151
64819
65226
64919
64335
64001
64166
64574
65028
64878
64374
64033
64362
64672
65084
64590
64451
64143
64462
64521
64863
64613
64301
64188
64678
64530
65164
64252
64700
64256
64908
64556
64871
65220
64368
64381
64053
64870
64893
65025
64502
64068
64446
64708
64804
65111
64392
64424
64382
64905
64990
65205
64445
64370
64375
64954
65054
65320
64324
64373
64386
64442
65233
64809
65108
64220
64286
64637
65077
64812
65175
64353
64734
64301
65154
65261
65084
64260
64079
64421
65059
65368
65198
64504
64306
64301
65095
65175
65161
65094
64185
64514
64710
65218
65184
64787
64234
64560
64663
65209
64831
65053
64248
64289
64486
65442
65245
65150
63932
64006
64720
65299
65361
64898
64157
64047
64817
64614
65406
64693
64825
64108
64917
64798
65392
64370
64685
64014
65040
64906
65294
65125
64614
64157
64332
65184
65076
65062
64278
64404
64487
64999
65226
64908
64620
64282
64464
64851
64995
65049
64602
64487
64320
64956
65122
65242
64479
64340
64304
65256
65358
65034
65134
64123
64349
64294
65348
65029
64763
64372
64581
64598
65190
64545
64808
64355
64253
64524
65037
65200
65086
64494
64504
64590
65080
65241
65059
64163
64356
64476
64702
65332
64711
65028
64291
64906
64485
65220
64516
64998
64485
64896
64538
65217
65179
65042
64471
64368
64775
65153
65335
64631
64455
64338
64974
65103
65138
64593
64489
64528
64850
65109
65257
64763
64447
64296
64972
65148
65233
64576
64365
64291
64476
64869
65346
65176
64649
64236
64384
64873
65411
65151
64498
64262
64391
64978
65174
65028
64333
64170
64304
65217
65088
65012
64088
64224
64550
65124
65108
65054
63991
64238
64305
64102
65255
65160
65078
64033
64705
64257
65167
65090
64825
64056
64402
64365
65238
65426
64960
64163
63980
64261
65247
65290
64763
64167
63816
64545
65184
65152
64850
64611
63854
64022
64391
65238
65022
64659
63798
64338
64639
65066
64832
64575
63715
63955
64152
65281
65048
64713
63606
63765
64376
65144
65202
64516
64121
63836
64475
64975
64926
64542
63892
64134
64234
65059
64828
64593
64444
63820
64558
64356
65001
64809
64259
63944
63989
64740
64677
64765
64198
63766
64075
64759
64627
64853
64139
64288
64080
64738
64724
64722
64296
64220
64138
64756
64690
64789
64195
64228
64172
64241
64762
64750
64447
64252
64081
64514
64603
64589
64194
64519
64300
64596
64457
64692
64448
64411
64466
64302
64950
64431
64460
64041
64621
64231
65123
64564
64594
63945
64283
64510
64114
65093
64091
64887
64268
64582
64735
64811
64496
64651
64381
64697
64658
65015
65056
64617
64388
64135
64700
65250
65126
64639
64453
64413
64532
65013
64915
64669
64414
64579
64583
64905
64932
64604
64707
64422
64701
64735
65176
64532
64689
64288
64386
64876
65094
65129
64342
64250
64497
64857
65152
65126
64304
64207
64337
65157
64670
65047
64396
64536
64581
64859
64987
65098
64349
64498
64426
64997
64829
65050
65079
64345
64655
64426
65119
65259
65043
64267
64099
64583
65060
64867
65110
64216
64515
64434
65162
65078
65019
64325
64474
64606
65276
65133
64769
64295
64162
64588
65047
64968
64946
64462
64520
64719
64689
64998
65194
64744
64242
64263
64804
65178
64837
64587
64220
64399
64871
65073
64894
64433
64128
64281
65060
65090
65075
64266
64347
64412
65095
64726
64820
64569
64576
64433
64916
64576
64879
64257
64653
64453
64869
64864
64880
65068
64485
64326
64178
64716
65181
64840
64631
64393
64335
64643
64956
64770
64546
64624
64337
64795
64576
64665
64309
64431
64422
64844
64793
64418
64411
64522
64342
64323
64571
64622
65073
64363
64443
64089
64853
64241
65083
64291
64558
64233
64759
65178
64849
64423
63986
64371
64918
64891
65076
64140
64263
64060
65160
65056
65124
64026
63869
64269
64242
65306
64751
64450
63936
64247
64743
64933
64779
64416
63966
64208
64239
65239
64690
64521
63992
64196
64478
65006
64928
64353
63901
64276
64251
64816
64886
64508
64599
64072
64678
64455
64921
64444
64544
64292
64522
64463
65026
64126
64528
64066
64204
64692
65015
64852
64566
64206
64321
64570
65143
64839
64321
64116
64241
65016
64080
64851
64100
64512
64392
65087
64506
64509
64091
64539
64493
65071
64424
64769
65099
64583
64400
64280
64518
64659
64705
64569
64620
64476
64707
64685
64736
64243
64385
64404
64902
64703
64751
64130
64435
64477
64929
64632
64566
64342
64413
64520
64578
64581
64785
64604
64508
64681
64621
64723
64290
64718
64406
64299
64678
64660
64688
64703
64426
64443
64686
64541
64814
64669
64477
64525
64528
64877
64641
64462
64075
64555
64670
64584
64495
64686
64624
64599
64784
64442
64621
64619
65011
64272
65011
64335
64940
64984
64540
64339
64209
64883
64979
64736
64616
64354
64460
64850
65056
64655
64558
64608
64347
64948
64572
64707
64465
64597
64259
65050
64551
64779
64049
64484
64312
64171
64719
64685
65059
64455
64409
64300
64635
64467
65137
64458
64515
64230
64685
65094
65181
64498
64399
64273
64932
65016
64957
64457
64330
64536
64855
65011
64639
64956
64298
64414
64544
64823
64752
64928
64489
64479
64343
64876
64387
65123
64411
64269
64285
64906
65073
64763
64280
64327
64481
65074
64974
64863
64007
64276
64456
65053
64993
64715
64564
64407
64682
64474
64948
64713
64854
64227
64847
64141
65167
64362
64688
64337
64170
64543
64962
65104
64727
64352
64394
64510
65014
64890
64761
64479
64333
64744
64710
65108
64439
64512
64240
64841
64757
65014
64077
64260
64460
64566
65082
64959
64801
64406
64417
64592
64773
64943
64853
64334
64491
64305
65053
64988
64858
64416
64470
64602
64790
64910
64817
64354
64189
64612
64901
65107
64843
64467
64358
64441
64751
64837
64726
64650
64347
64727
64708
64868
64758
64793
64363
64611
64753
64801
64852
64566
64445
64351
64717
64789
64868
64691
64346
64434
64781
64866
64796
64807
64558
64491
64524
64875
64837
64633
64585
64287
64903
64643
64773
64639
64476
64371
64687
64714
64771
64749
64809
64389
64390
64568
64783
64949
64636
64079
64242
64683
65111
64959
64718
64328
64106
64905
64883
65055
64612
64450
64091
64790
65054
65068
64568
64193
64246
64382
64992
64744
65046
64373
64153
64392
64841
64628
65058
64424
64649
64303
64872
65391
64851
64688
64241
64580
64630
64867
64985
64288
64614
64419
65158
64981
64861
64833
64314
64495
64501
65039
64709
64728
64310
64679
64378
64984
64827
64752
64301
64212
64262
65109
65134
64704
64036
64002
64368
64920
65279
64538
64357
64074
64384
64949
65085
64707
64414
64239
64321
64869
65171
64517
64531
64126
64261
64894
65238
64571
64475
64046
64405
64964
65186
64971
64088
64373
64225
65127
65139
64863
64380
64118
64433
64904
64597
64794
64386
64502
64402
64939
64491
64766
64325
64661
64555
64820
64663
64784
65110
64269
64311
64279
64810
64907
64796
64367
64561
64519
64892
65185
64654
64287
64492
64729
64813
64742
64810
64140
64492
64659
65272
64914
64808
64153
64279
64723
64464
64975
64543
64876
64277
64571
64440
64870
64882
64664
64321
64604
64523
64927
64881
64865
64377
64346
64656
65102
65023
64922
64449
64270
64496
64917
65131
64701
64807
64304
64674
64879
65134
64594
64867
64265
64772
64844
65207
64377
64739
64299
64287
64721
65010
65153
64597
64246
64356
64822
65158
65058
64749
64012
64386
64930
65218
65144
64541
64675
64490
64812
65114
64973
64521
64629
64483
64798
64959
64915
64688
64458
64370
64343
65196
65510
64972
64421
64472
64564
65118
65153
65146
64415
64082
64478
65190
65188
65091
64499
64298
64324
65040
65305
65060
64340
64378
64248
65199
65223
65089
64671
64404
64247
64806
65229
64858
64969
64054
64349
64700
65452
64731
64763
64143
64334
64837
65315
65117
64702
64053
64465
64762
65478
65016
64587
64114
64284
64705
64578
65083
64346
64701
64353
64910
64586
64956
64619
64669
64313
64757
64785
65170
65028
64499
64042
64276
64806
65036
65033
64369
64177
64374
64861
65056
64807
64450
64227
64538
64679
65007
64782
64721
64139
64473
64653
65042
65109
64475
64392
64239
65021
64975
65229
64684
64299
64254
64578
64901
65420
64766
64243
64411
64351
65074
65084
64752
64238
64224
64489
65048
64936
64708
64393
64156
64559
64866
64986
64693
64403
64289
64742
64664
64905
64846
64515
64254
64626
64926
65026
64809
64400
64048
64389
64776
65223
65034
64363
63959
64207
64739
65098
65065
64553
63794
64124
64717
65058
65185
64595
64565
64103
64568
65111
65287
64514
64411
64050
64600
65159
65367
64892
64481
64071
64363
65175
65444
64982
64362
64120
64294
65188
65477
64935
64421
64243
64148
65219
64807
64986
64373
64286
64153
65228
65043
64969
64460
64211
64201
65081
65181
65044
65139
64257
64243
64340
65187
64843
65132
64303
64151
64507
65143
65007
64832
64409
64129
64654
65166
65091
65000
64210
64449
64604
65426
65087
64964
64043
64271
64681
65388
65074
64905
64809
64419
64725
64629
65050
64632
64919
64327
64692
64268
65178
64707
64781
64277
64015
64470
65096
65417
64759
64005
64030
64464
64836
65324
64576
64325
64093
64809
64720
65272
64381
64691
64225
64565
64542
65108
64643
64484
64256
64978
64705
65099
65040
64627
64360
64310
64593
64857
65089
64640
64409
64341
64585
64896
65187
64498
64397
64247
64759
65113
65290
64495
64340
64306
64629
65185
65204
64490
64210
64099
64385
65145
65089
65161
64008
64424
64283
65226
65238
64915
64326
64385
64326
64951
64983
64974
64443
64209
64462
64543
65039
64814
64359
64075
64272
64776
65099
64911
64026
63915
64347
64677
65264
64803
64623
63923
64567
64616
65242
64973
64734
63834
64450
64815
65365
65089
64572
63776
64144
64855
65488
64964
64668
63788
64313
64661
65291
64924
64697
64650
64098
64983
64583
65042
64767
64544
64187
64675
64779
64980
64527
64736
64070
64208
64505
65373
65133
64526
63931
64053
64837
64836
65038
64451
64510
63994
64941
64830
65243
64184
64277
64145
64855
65237
65064
64258
64250
63989
64937
64927
64933
65124
64200
64044
64045
64948
65014
65236
64078
64162
64080
65047
64612
64968
64136
63997
64210
64980
65213
65007
64204
64190
64343
65176
65101
64785
64039
64078
64448
64002
65209
64619
65037
64050
64360
64242
65067
64603
64937
64151
64610
64480
64954
64732
64414
64381
64006
64774
64818
65034
64320
64268
64296
64495
64788
64813
64634
63816
64272
64504
64326
65082
64584
64777
64113
64618
64412
65043
64426
64614
64154
64953
64553
64903
65196
64279
64376
64103
64918
64798
65106
64231
64434
64318
64752
64768
64891
64542
64355
64425
64575
64656
65186
64368
64523
64153
64948
64991
65143
64503
64234
64383
64306
64870
64890
64877
64456
64708
64171
64852
64782
65036
64479
64476
64098
64949
64916
65231
64183
64268
64089
65058
65076
64903
64455
64221
64306
64912
64932
65104
64762
64380
64155
64705
64933
65198
64939
64247
64348
64361
65168
64881
64873
64279
64131
64638
65118
65326
64806
64488
64044
64531
65031
65176
64829
64267
64238
64688
65128
64996
65084
64517
64291
64737
65017
65285
64653
64727
64083
64781
64763
65267