221
37
-681
407
-677
705
-763
-237
-356
-257
-162
-669
-654
-675
-188
-129
-412
-1340
-1205
-686
-1493
-474
-749
-609
-1645
-1001
-1810
-711
-1505
-958
-2101
-1315
-1833
-1293
-883
-1825
-2310
-2553
-2101
-1753
-1668
-1858
-2784
-2746
-2675
-1880
-2182
-2155
-2325
-3115
-2704
-3038
-2513
-2644
-2413
-3690
-3129
-3486
-2178
-2949
-2588
-4483
-4184
-3808
-2504
-2477
-3151
-4442
-4569
-4073
-2930
-2902
-3562
-5100
-4897
-4384
-4150
-3508
-3894
-3641
-4884
-4364
-4715
-3912
-4262
-3973
-5192
-4635
-5059
-4014
-3935
-4480
-5361
-5813
-4969
-4186
-3882
-4822
-5838
-5934
-5494
-4415
-4589
-4631
-5064
-6202
-5843
-5710
-4608
-5050
-5947
-5807
-5972
-5513
-5334
-4935
-5693
-5850
-6066
-5772
-5549
-5588
-5483
-6344
-6078
-6159
-5556
-5324
-5520
-6240
-6426
-6109
-5941
-5445
-5733
-5518
-6155
-6302
-6000
-5570
-6144
-5674
-5978
-5701
-5789
-5810
-5579
-5705
-5764
-5594
-5809
-5529
-5965
-5333
-6125
-5782
-5637
-5478
-5129
-5635
-5336
-5900
-5580
-5370
-5534
-5094
-5295
-5562
-5419
-5603
-5139
-5493
-5004
-5608
-5130
-5660
-4945
-5175
-5188
-5187
-5422
-4926
-5211
-5119
-4886
-5171
-5224
-5275
-5261
-4770
-4917
-4666
-5176
-4979
-4983
-4549
-4483
-4680
-5026
-4686
-4732
-4513
-4924
-4758
-4499
-4131
-4325
-4562
-4966
-4687
-4240
-3923
-4199
-4343
-5042
-4198
-4442
-3697
-4337
-4354
-4455
-3941
-3874
-4277
-3937
-4052
-4115
-4187
-4006
-4008
-4160
-3791
-4092
-3820
-3756
-4010
-3934
-3906
-3829
-3817
-3322
-4159
-3857
-4107
-3796
-3843
-3573
-3823
-3762
-3668
-3888
-3854
-3580
-3715
-3825
-3723
-3999
-3671
-3619
-3388
-4108
-4105
-4002
-3403
-3198
-3889
-4164
-4466
-3920
-3635
-3284
-3879
-3735
-4285
-3922
-3766
-3175
-4088
-3917
-4650
-3803
-3633
-3103
-3967
-3944
-4472
-4398
-3636
-3575
-3597
-4171
-4166
-4385
-3427
-3403
-3549
-4398
-4504
-4418
-3647
-4055
-3525
-4325
-4023
-4826
-3487
-3607
-3582
-4690
-4658
-4669
-3769
-3679
-3525
-3735
-4719
-5035
-4731
-3861
-3699
-3597
-5032
-4832
-5263
-4129
-4770
-3660
-4780
-4989
-5253
-4315
-4131
-3978
-4865
-4844
-5272
-4152
-4523
-4166
-4886
-4897
-5723
-5401
-4430
-4373
-4140
-5196
-5401
-5527
-4677
-4372
-4196
-5195
-5409
-5744
-4580
-4332
-4314
-5064
-5453
-5345
-5196
-4547
-4358
-4958
-5113
-5384
-4935
-4919
-4734
-5120
-4961
-5245
-5317
-4782
-4463
-5032
-5073
-5233
-5486
-4730
-4458
-4810
-5220
-5174
-5491
-4694
-4957
-4673
-5338
-5214
-5270
-4739
-4925
-4877
-5081
-4884
-5215
-4918
-4919
-4741
-5012
-5054
-5284
-4940
-4812
-4927
-4697
-5031
-4883
-4960
-4730
-4601
-4824
-4803
-4735
-4970
-4694
-4486
-4557
-4709
-5053
-4963
-4459
-4580
-4445
-4406
-4848
-4696
-4957
-4316
-4507
-4302
-4860
-4454
-4843
-4321
-4650
-4441
-4475
-4624
-4761
-4243
-4371
-4274
-4624
-4960
-4645
-4122
-4088
-4436
-4439
-4765
-4417
-4747
-3947
-4426
-3879
-4717
-4429
-4591
-4024
-4399
-3932
-4604
-3799
-4498
-3984
-3810
-4428
-4275
-4809
-4075
-4120
-3841
-4365
-4283
-4413
-4131
-3914
-3826
-4348
-3797
-4708
-4081
-4207
-3836
-4231
-4408
-4550
-4592
-4159
-3751
-3955
-4031
-4881
-4558
-4411
-3691
-3738
-4247
-4677
-4486
-4467
-4035
-3972
-4025
-4675
-4615
-4688
-4350
-3743
-4102
-4293
-4861
-4480
-4371
-3756
-4308
-4460
-4788
-4132
-4091
-4030
-3575
-4518
-4531
-4981
-4247
-3929
-3881
-4226
-4657
-4897
-4355
-3441
-3725
-4784
-4580
-4917
-3747
-4407
-3835
-4618
-4220
-4596
-4008
-4229
-3982
-4371
-4303
-4547
-4292
-4444
-3678
-4118
-4245
-5284
-4713
-4325
-3940
-3837
-4695
-4838
-5062
-4205
-4103
-3701
-4820
-4901
-5351
-4329
-3940
-4052
-4742
-5252
-5027
-4381
-4405
-4389
-4771
-5115
-5287
-5183
-4649
-4527
-3972
-5023
-4993
-5163
-4675
-4696
-4265
-5051
-5277
-5375
-4499
-4529
-4139
-5182
-5098
-5414
-4819
-4601
-4406
-5138
-5297
-5412
-4727
-4620
-4720
-4245
-5291
-4996
-5585
-4529
-4612
-4386
-5150
-4957
-5095
-5000
-4742
-4663
-4911
-5109
-5071
-4713
-4716
-4555
-4868
-4679
-5097
-4635
-4824
-4346
-5036
-4776
-5148
-5010
-5005
-4382
-4714
-4773
-5188
-5097
-4494
-4124
-4541
-5326
-4757
-5126
-4216
-5130
-4739
-5222
-4645
-4884
-4390
-4842
-4738
-5117
-4974
-4921
-4524
-4736
-4380
-4567
-4739
-5100
-4990
-4383
-4438
-4327
-4978
-4895
-4787
-4417
-4112
-4571
-4540
-4798
-4263
-4804
-4423
-4474
-4408
-4602
-4627
-4274
-4368
-4289
-4383
-4436
-4233
-4366
-4095
-4338
-4314
-4569
-4570
-4137
-3977
-3752
-4372
-4446
-4662
-4007
-4023
-4280
-4026
-4700
-4108
-4298
-3618
-3980
-3780
-4425
-4322
-4149
-3668
-3443
-4056
-3802
-4578
-3611
-4197
-3466
-3873
-4094
-4325
-4177
-3928
-3788
-3778
-4009
-4284
-4015
-4054
-3701
-3603
-3814
-4565
-4613
-4299
-3660
-3484
-3994
-4435
-4786
-4132
-4255
-3806
-3906
-4000
-4556
-4211
-4329
-3826
-4149
-3939
-4807
-4202
-4379
-3785
-4149
-3845
-4958
-4525
-4470
-3946
-4081
-3997
-4683
-4698
-4446
-3913
-3925
-4227
-4467
-4586
-4384
-3996
-3915
-4301
-4417
-4864
-4444
-4292
-3877
-4333
-4393
-4963
-4871
-4116
-4072
-3822
-4424
-4713
-4856
-4326
-4010
-4068
-4247
-4735
-4667
-4655
-4160
-4146
-4100
-4434
-4741
-4770
-4544
-3886
-4806
-4275
-5385
-4251
-4529
-4044
-4009
-4766
-4910
-5173
-4550
-4164
-4219
-4809
-5146
-5025
-4398
-4165
-4473
-5071
-4826
-5186
-4380
-4667
-4541
-5250
-5056
-5003
-4673
-4382
-4682
-4809
-5142
-5448
-5410
-4356
-4346
-4410
-5290
-5234
-5190
-4544
-4459
-4621
-5013
-5621
-5092
-4674
-4771
-4647
-5117
-5024
-5229
-4475
-4544
-4480
-5001
-5256
-5028
-4926
-4448
-4721
-4842
-4883
-4932
-4931
-4921
-4458
-4478
-4976
-5053
-5349
-4543
-4866
-4215
-5027
-5017
-5039
-4577
-4573
-4308
-4992
-4685
-4986
-4586
-4422
-4486
-4668
-4464
-4912
-4779
-4314
-4442
-4412
-4878
-4646
-4727
-4292
-4336
-4580
-4584
-4772
-4716
-4330
-4329
-4304
-4747
-4676
-4897
-3896
-4275
-4156
-4847
-4699
-4852
-4254
-3994
-4125
-4263
-4806
-4770
-4597
-4080
-4006
-4180
-4435
-4769
-4616
-4379
-3872
-4080
-4472
-4186
-4854
-4069
-4406
-4089
-4539
-4481
-4627
-4165
-4053
-4150
-4762
-4759
-4640
-4711
-3906
-4303
-3855
-4701
-4533
-4813
-3824
-4476
-3827
-4813
-4242
-4925
-3779
-3803
-3996
-4821
-4730
-4762
-3869
-3964
-4481
-4398
-5041
-4206
-4143
-3911
-4542
-4360
-4746
-4499
-4538
-4167
-4255
-4136
-5243
-4458
-4648
-3807
-4320
-4541
-5161
-4995
-4417
-4071
-3879
-4798
-5075
-4971
-4458
-3939
-4432
-4405
-5264
-4736
-4753
-4862
-4038
-4777
-4230
-4940
-4401
-4686
-4258
-4368
-4498
-4725
-4705
-4628
-3930
-4065
-4897
-4950
-4980
-4194
-4126
-4224
-4856
-5072
-4571
-4629
-4037
-4076
-4448
-4621
-5040
-4163
-4459
-3843
-4789
-4384
-4947
-4520
-4175
-3731
-4429
-4589
-4910
-4712
-4229
-3946
-4133
-4660
-4468
-4842
-4261
-4081
-4166
-4590
-5032
-4774
-4617
-4278
-4078
-4536
-4860
-5193
-4360
-4453
-4044
-4727
-4872
-4936
-4741
-4458
-4122
-4466
-4842
-5093
-4984
-4505
-3858
-4208
-4954
-5036
-5091
-4432
-4198
-4381
-4845
-4678
-4883
-4602
-4453
-4546
-4817
-4996
-5014
-4818
-4691
-4195
-5001
-4572
-5351
-5070
-4727
-4310
-3972
-5080
-4743
-4822
-4521
-4451
-4537
-4738
-5190
-4814
-4611
-4679
-4455
-4711
-4897
-4691
-4701
-4601
-4591
-4545
-5163
-5008
-4650
-4413
-4119
-4322
-5123
-5039
-5161
-4218
-4399
-4343
-5083
-5023
-5116
-4412
-4284
-4225
-5142
-4878
-4660
-4866
-4256
-4695
-4430
-5314
-4773
-4710
-4814
-4480
-5029
-4572
-4668
-4903
-4639
-4641
-4290
-4857
-4357
-4628
-4550
-4413
-4478
-4659
-4932
-4706
-4435
-4397
-4056
-4768
-4751
-4892
-4099
-4337
-4071
-4619
-4815
-4572
-4205
-4073
-4341
-4113
-4552
-4265
-4542
-4210
-4453
-4071
-4328
-3882
-4517
-4252
-4232
-4103
-4317
-4798
-4489
-4152
-3973
-3868
-4623
-4396
-4652
-3770
-3918
-4052
-4536
-4726
-4447
-4608
-3895
-3836
-3844
-4723
-4193
-4266
-4268
-4303
-4096
-4432
-4641
-4464
-4085
-4493
-4165
-4541
-4526
-4550
-4351
-4122
-4184
-4611
-4639
-4332
-3956
-4221
-4348
-4064
-4885
-4297
-4831
-3995
-4440
-4231
-4676
-4457
-4528
-4315
-4505
-4804
-4451
-4908
-4467
-4374
-4440
-4463
-4777
-4644
-4609
-4143
-4319
-4517
-4742
-4900
-4580
-4495
-4296
-4019
-4409
-5189
-4452
-4451
-3627
-4467
-4631
-5089
-4447
-4336
-3810
-4081
-4280
-5226
-4935
-4310
-3776
-4160
-4338
-5007
-4777
-4605
-4085
-4220
-4152
-4784
-4737
-4916
-4250
-4252
-3843
-4781
-4930
-4631
-4745
-4117
-4585
-4722
-5098
-5220
-4574
-4326
-4154
-4507
-5186
-5131
-4836
-4236
-4215
-4417
-5366
-5396
-4594
-4284
-4158
-4661
-5035
-5188
-4771
-4626
-4287
-4419
-4788
-5002
-4667
-4561
-4337
-4324
-4500
-5102
-5122
-4974
-4169
-4306
-4430
-5273
-5211
-4634
-4269
-4412
-4681
-4574
-4959
-4734
-4729
-4361
-4700
-4562
-4897
-4364
-4709
-4392
-4760
-4619
-4979
-4707
-4463
-4331
-4696
-4772
-4935
-4718
-4816
-4593
-4683
-4584
-4874
-4945
-4635
-4197
-4307
-4738
-4545
-5033
-4539
-4681
-4303
-4415
-4703
-5074
-4404
-4666
-4192
-4848
-4621
-4906
-4780
-4402
-4241
-4367
-4648
-4836
-4813
-4448
-4209
-4291
-4739
-4776
-4676
-4297
-4533
-4217
-5083
-4356
-4837
-4107
-4315
-4247
-4720
-4562
-4808
-4347
-4058
-4217
-4084
-4677
-4624
-4867
-4278
-4409
-3947
-4588
-4830
-4872
-4425
-4393
-3974
-4299
-4848
-4755
-4824
-3986
-4068
-4265
-4704
-4877
-4432
-4173
-3900
-4510
-4977
-4983
-4426
-3974
-4000
-4610
-4720
-4774
-4567
-4056
-3894
-4392
-4776
-4996
-4463
-3962
-4061
-4394
-4610
-4844
-4267
-4108
-4029
-4690
-4774
-4711
-4621
-4106
-4411
-4569
-4353
-4606
-4663
-4637
-4166
-4556
-4067
-5019
-4758
-4632
-3975
-4310
-4565
-4558
-4654
-4564
-4143
-4405
-4161
-5070
-4664
-4700
-3587
-4128
-4233
-4974
-4714
-4764
-4786
-4111
-4221
-4426
-4824
-4850
-4583
-4100
-3982
-4510
-4860
-4743
-4798
-4064
-3839
-4453
-4778
-5092
-4427
-4218
-3773
-4600
-4748
-5059
-4621
-4204
-3926
-4255
-4480
-4913
-4847
-4256
-3955
-4161
-4485
-4947
-4468
-4558
-4044
-4252
-4428
-5016
-4582
-4731
-3954
-4116
-4380
-4745
-4812
-4659
-4085
-3922
-4511
-5111
-4894
-4800
-4401
-4111
-4300
-4606
-4961
-4642
-4615
-3962
-4422
-4577
-5192
-4495
-4357
-4372
-4130
-4488
-4753
-5014
-4789
-4097
-4029
-4456
-4839
-5198
-4708
-4319
-4017
-4696
-4629
-5011
-4523
-4672
-4219
-4831
-5210
-4889
-4751
-4328
-4450
-4564
-4887
-4772
-4900
-4781
-4336
-4263
-4529
-4912
-5047
-4362
-4416
-4624
-4617
-4702
-4711
-4692
-4714
-4335
-4744
-4480
-4907
-4444
-5079
-4341
-4823
-4607
-4900
-4526
-4806
-4400
-4371
-4534
-4620
-4998
-4608
-4106
-4396
-4659
-4882
-4955
-4543
-4251
-4233
-4906
-4428
-5201
-4233
-4462
-4595
-4765
-5016
-4442
-4744
-4613
-4627
-4433
-4465
-4830
-4745
-4690
-4567
-3925
-4862
-4605
-4962
-4260
-4596
-4106
-4563
-4788
-4497
-4627
-4067
-4003
-4150
-4716
-4538
-4654
-3851
-3741
-4219
-4676
-4773
-4363
-3512
-3898
-4195
-4647
-4389
-4311
-3990
-3620
-4272
-4202
-4445
-4412
-4234
-3676
-4089
-4298
-4271
-4528
-4258
-4125
-4259
-4437
-4538
-4505
-4034
-4169
-4191
-4502
-4641
-4354
-4723
-4002
-4179
-4207
-4678
-4608
-4352
-4034
-4432
-4421
-4698
-4109
-4503
-4200
-4235
-4479
-4621
-4792
-4318
-4595
-4225
-4269
-4692
-4806
-4781
-4350
-3772
-4421
-4378
-4977
-4765
-4312
-4291
-3857
-4671
-4827
-4823
-4619
-3971
-4178
-4051
-5122
-4890
-4636
-3983
-4068
-4086
-5006
-4899
-4791
-4073
-4017
-4022
-4838
-5025
-4591
-4517
-4152
-4077
-4172
-5009
-4829
-4843
-3810
-4817
-4062
-5186
-4483
-4471
-3976
-3846
-4621
-4988
-5159
-4556
-4137
-4056
-4749
-4871
-4904
-4567
-4108
-4426
-4811
-4356
-4931
-4561
-4542
-4185
-5047
-4458
-5021
-5102
-4539
-4109
-4818
-4375
-5261
-4921
-4566
-3966
-4430
-4681
-5391
-4979
-4389
-4082
-4506
-4736
-5324
-4900
-4519
-4825
-4590
-4835
-4317
-5043
-4247
-4986
-4346
-5050
-4538
-5053
-4180
-4934
-4585
-4200
-4642
-4909
-5047
-4502
-4502
-4198
-4818
-5085
-4987
-4690
-4453
-4361
-4700
-4509
-5102
-4492
-4593
-4250
-4442
-4835
-4936
-4419
-4517
-4585
-4301
-4786
-4791
-4814
-4536
-4396
-4380
-4570
-4836
-4927
-4938
-4669
-4186
-4634
-4506
-4826
-4841
-4221
-4047
-4410
-4556
-4981
-4676
-3994
-3797
-4382
-4707
-5060
-4374
-4159
-3946
-4049
-4544
-4736
-4810
-4407
-4038
-3969
-4379
-4404
-4925
-4374
-4415
-4032
-4298
-4618
-4813
-4300
-4495
-4005
-4437
-4631
-4867
-3853
-4205
-3960
-4620
-4962
-4599
-4971
-3806
-4234
-4024
-4958
-4774
-4757
-4019
-4350
-4268
-4735
-5035
-4822
-4001
-4462
-4014
-4917
-4396
-5003
-3610
-4241
-4384
-4619
-4770
-4581
-4091
-4243
-4292
-4067
-4817
-4526
-4944
-4078
-4599
-4333
-4684
-5069
-4429
-4203
-4276
-4441
-4783
-4777
-4505
-4250
-4409
-4420
-5007
-4623
-4828
-4032
-4294
-4453
-4821
-4763
-4655
-4911
-4213
-4471
-4308
-4796
-4726
-4847
-4480
-4582
-4229
-4643
-4711
-5120
-4174
-4073
-4400
-4824
-5116
-4595
-4098
-4183
-4760
-4669
-4951
-4331
-4275
-4245
-4659
-4325
-5124
-4218
-5019
-4082
-4357
-4804
-4813
-4381
-4792
-4326
-4130
-4640
-4770
-4776
-4976
-4245
-4285
-4263
-4929
-4938
-5259
-3882
-3835
-4145
-5073
-5349
-5015
-4620
-3829
-4285
-4457
-5178
-4786
-4717
-3985
-4254
-4645
-5114
-4674
-4844
-4026
-4272
-4557
-4906
-4667
-4820
-4236
-4213
-4322
-4774
-5056
-4688
-4534
-3863
-4815
-4355
-5102
-4415
-4396
-4074
-4451
-4651
-4831
-4731
-4539
-4138
-4601
-4454
-4970
-4855
-4530
-3877
-4015
-4610
-4969
-4686
-4529
-4036
-4159
-4591
-4895
-4783
-4469
-4574
-4078
-4523
-4313
-4926
-4613
-4481
-4080
-4449
-4511
-4822
-4843
-4482
-3942
-4036
-4604
-4996
-4850
-4282
-3751
-4126
-4571
-5027
-4893
-4720
-3949
-4154
-4291
-4700
-4810
-4572
-4523
-4198
-4280
-4642
-4847
-4755
-4518
-3934
-4785
-4588
-4881
-4664
-4316
-4120
-4324
-4734
-4928
-4896
-4175
-4113
-4141
-4691
-5003
-4759
-4352
-4455
-4287
-4343
-4726
-4659
-4607
-4393
-4128
-4563
-4504
-5025
-3925
-4695
-4259
-4006
-4472
-4637
-4589
-4693
-3901
-4131
-4148
-4730
-4705
-4605
-4192
-3887
-4350
-4655
-4930
-4175
-4263
-3880
-4525
-4528
-4566
-4213
-4260
-4017
-4402
-4579
-4592
-4102
-4151
-4351
-3732
-4713
-4581
-4793
-4641
-4604
-3876
-4264
-4436
-4881
-4527
-4544
-3825
-4491
-4373
-4844
-4745
-4605
-4131
-4367
-4954
-4964
-4360
-4252
-4079
-4858
-4868
-4764
-4932
-4337
-4179
-4260
-4884
-4560
-5116
-4297
-4729
-4117
-5014
-4222
-4784
-4592
-3908
-4439
-4733
-5129
-4949
-4470
-4335
-4247
-4812
-4927
-4584
-4480
-4291
-4474
-4158
-5048
-4861
-4895
-4000
-4323
-4031
-5138
-4697
-4983
-3947
-4338
-4033
-4966
-4846
-4827
-3887
-4098
-4126
-4989
-4840
-4538
-4293
-4282
-4214
-4894
-4706
-4879
-4618
-4269
-3789
-4432
-4899
-5120
-4814
-4213
-4154
-4281
-5020
-4721
-4874
-4083
-4158
-4091
-4918
-5240
-4860
-4281
-4126
-4225
-5035
-5212
-4749
-4469
-4380
-4432
-4656
-5030
-4994
-4565
-4364
-4387
-4539
-4986
-4722
-4655
-4343
-4763
-4157
-5043
-4900
-4934
-3922
-4135
-4330
-5059
-5049
-4495
-4158
-4042
-4518
-4986
-4966
-4598
-4542
-4324
-4107
-4460
-4862
-4355
-4585
-4301
-4724
-4235
-4791
-4251
-4641
-4396
-4022
-4354
-4734
-4909
-4529
-4464
-4150
-4337
-4640
-4794
-4611
-4120
-4033
-4568
-4296
-4943
-4599
-4257
-4178
-4605
-4532
-4703
-4468
-4434
-4176
-4491
-4294
-4784
-4998
-4295
-4397
-4183
-4299
-4732
-4647
-4629
-3878
-4171
-4224
-4743
-4733
-4495
-4444
-4162
-4203
-4097
-4736
-4147
-4696
-3986
-4441
-4247
-4760
-4244
-4101
-4131
-3685
-4637
-4969
-4889
-4362
-4304
-3839
-4392
-5018
-4967
-4464
-4319
-4174
-4233
-4718
-4886
-4410
-4075
-3979
-4325
-4845
-4831
-4726
-4019
-4164
-4136
-4670
-4944
-4903
-3973
-4241
-4053
-4962
-4866
-4947
-4308
-3880
-4160
-4541
-5338
-4903
-4525
-4244
-4286
-4439
-4638
-4900
-4333
-4497
-4077
-4825
-4858
-4740
-4265
-4128
-4396
-4080
-5063
-4799
-4932
-4248
-4233
-4122
-4935
-5024
-5116
-4102
-4378
-3990
-4991
-5166
-5023
-4310
-4205
-4283
-4723
-4672
