18
-242
-9
15
61
-66
238
21
-20
226
5
-30
183
50
-28
228
28
-45
-5
10
-230
-25
41
-211
-36
40
-250
-3
25
-213
-30
16
37
-37
4
18
10
218
17
-17
251
26
-11
210
51
-4
-66
35
-6
-26
14
-203
-33
50
-242
5
13
-198
-27
21
18
1
231
28
-26
231
9
-12
-28
30
-45
247
11
-30
-9
59
-236
-23
13
-193
-24
40
23
-23
36
-188
-40
32
2
-40
219
45
-30
229
51
-38
190
25
5
249
19
-2
-38
26
-219
-9
17
-211
-48
35
-205
-11
32
-233
-31
-10
41
-74
243
-9
16
230
42
-6
228
32
-49
232
63
-32
-24
29
-229
-26
36
-231
-1
29
-216
-21
33
-209
-49
42
52
-11
251
40
-54
227
16
-26
225
12
-15
232
27
-12
-44
17
-193
-25
36
-207
0
34
-211
-42
52
-214
-35
5
16
-13
175
28
-36
-29
55
-17
241
46
5
244
21
-39
-16
36
253
-12
11
-205
-8
63
-229
-28
-9
-240
-30
37
20
-25
249
27
-9
208
49
-20
203
45
-51
254
21
1
-18
31
-219
-6
-5
53
-53
69
-204
-44
10
253
-6
27
60
-43
232
36
1
8
15
-32
192
63
0
245
44
-36
-31
31
-238
-4
39
-222
-64
37
-189
-16
20
14
-15
16
57
-16
8
5
-17
216
35
-44
233
66
-32
-15
-13
-30
-2
41
-214
-54
56
-222
-28
18
239
-35
11
55
-60
74
28
-24
239
20
-49
252
-1
-9
233
19
-62
-10
9
27
-24
64
-209
5
46
-231
-1
13
-246
-27
19
45
-14
13
8
6
202
25
-18
-13
19
-11
231
43
-28
-9
50
-24
-16
23
-209
-33
43
-199
-42
31
-248
-21
30
52
-58
27
23
5
238
23
-21
221
44
-15
2
-9
-26
-45
54
-27
-9
-7
-231
-36
13
-228
-24
39
-234
-30
44
19
-40
44
24
-49
228
54
-24
235
29
-8
224
33
-45
-28
29
1
3
16
-175
-68
69
-9
14
13
-214
-47
40
81
-37
42
23
-29
245
29
-3
219
43
-23
254
27
-19
-54
49
-56
14
10
20
-4
13
-206
-36
26
-230
-9
21
65
-43
41
12
-18
245
14
-1
234
38
-43
240
20
-3
-71
48
-27
-9
16
-230
-47
7
-202
-39
26
-234
22
41
45
-36
38
59
-28
5
-26
24
237
27
-26
20
14
4
-12
19
-23
-62
29
-243
-20
63
-199
-35
32
11
-25
28
40
-2
57
20
-13
239
25
-18
212
43
-49
39
7
17
-49
57
-45
-22
34
-227
-9
15
22
-23
42
38
-8
14
72
-82
44
-6
-5
241
34
-35
213
44
10
-29
62
-51
-44
21
-9
-37
22
-217
-15
5
57
-24
61
-210
-9
10
39
-49
80
33
-14
-235
48
-12
232
20
-31
217
22
-24
-42
70
-239
17
-4
3
-33
66
-195
-48
18
-223
-19
-5
58
-57
234
28
-4
238
22
-31
252
36
-14
229
24
-39
-14
14
-240
-27
56
-204
-52
40
-1
20
5
-215
-24
43
33
-5
222
20
-24
217
33
-46
245
27
-31
209
58
1
7
14
-207
-37
42
-234
-24
47
-231
-11
6
-221
-55
26
19
4
219
41
-13
212
30
-15
-252
20
-20
165
82
-44
-4
20
-244
-52
45
-222
-67
62
-224
1
32
-217
-35
34
13
-4
-34
53
-34
215
22
-25
215
16
-39
243
70
-34
-16
-14
27
-53
49
-206
-35
22
-21
14
39
-214
-48
81
-1
-21
244
28
-36
207
-1
7
-24
-4
-24
232
53
-30
52
-5
89
-78
86
-245
20
-32
5
-40
64
-204
-32
-2
-24
12
209
57
-53
248
-4
2
215
55
-24
20
12
-15
-82
75
-236
-15
7
42
-35
38
-247
-18
-1
-209
-10
67
31
8
1
61
-14
223
44
-27
232
39
-39
229
39
8
-26
30
-200
-30
47
-11
3
8
-198
-20
58
-209
-46
-22
86
-48
246
42
-14
10
6
-40
204
30
-23
3
14
-13
-46
42
-189
-34
15
-226
9
19
33
-11
42
-214
-28
17
42
-34
227
21
-25
246
74
-36
237
10
-22
-69
34
-53
-15
-11
13
-29
64
-210
-9
29
-238
-32
31
19
-22
1
20
-14
198
17
4
206
60
-31
205
3
-24
-27
18
-29
-7
50
-227
-55
39
-243
5
11
-215
-47
44
24
-27
19
43
-64
244
6
5
237
75
-40
222
57
-33
-1
-10
-24
-42
79
-226
-11
-5
11
-37
54
-224
-31
32
28
0
29
38
-63
204
64
-46
250
-7
-14
236
1
-8
-56
52
-51
21
28
-188
-5
63
-222
-3
19
31
-32
20
36
-34
70
25
-30
11
8
-11
219
92
-73
0
-5
19
-27
25
-19
-5
16
-245
-8
59
-204
-54
39
-243
7
-13
47
-50
42
14
10
239
58
-48
239
16
-17
213
37
-9
-16
21
6
-23
36
-220
-41
33
-248
-14
5
-223
-60
53
31
5
42
11
-38
1
12
2
231
23
-41
222
24
-26
-10
36
-55
-37
39
-233
-5
2
-247
2
34
-215
-58
72
13
1
11
25
-41
214
41
-17
244
-16
20
-20
36
-34
-42
36
-47
-25
26
-237
-12
19
36
-40
61
-236
14
18
21
-60
25
29
-23
210
44
-15
-4
23
-32
191
67
-53
16
11
3
-46
48
-207
-10
-5
17
-20
20
-229
-45
18
18
15
9
39
-37
227
11
-31
244
51
-57
223
3
-33
-70
45
-23
-10
22
-211
-34
38
-240
7
7
-204
-30
73
47
-36
7
16
-37
207
51
-51
15
34
-24
240
23
-29
-26
59
-61
-8
20
33
-33
27
-214
-14
24
-234
-1
59
45
-59
43
2
7
235
41
-51
156
27
-11
11
-3
9
-24
30
-226
1
42
-224
-47
28
-206
-22
54
-237
3
3
76
-44
221
33
-8
214
70
-40
238
16
-1
236
16
17
-26
48
-198
-54
23
-8
-10
48
-235
-10
23
-235
-59
32
39
-29
22
0
-26
-24
19
-21
229
32
-34
251
33
-5
-54
30
-211
-12
38
-221
-77
53
-222
8
19
-218
-57
42
18
-2
-21
19
-45
223
34
-34
240
-2
0
222
32
-22
-16
29
37
-29
34
-209
-42
21
-234
27
32
-226
-20
30
39
-38
12
-7
-35
214
53
-7
249
4
-30
233
40
-2
-10
63
-196
-45
14
-233
-44
40
-217
-10
23
14
-11
58
9
-31
0
41
-8
234
38
-49
3
31
-8
189
48
-41
22
62
-228
-47
47
230
25
21
-179
-76
29
-3
26
34
64
-66
4
20
11
248
12
-14
-38
31
-5
207
26
-8
-52
32
-236
-11
16
-166
-75
53
-246
11
2
30
-19
29
65
-45
230
-11
-16
237
18
1
211
34
-48
246
37
6
-20
-2
-192
-35
48
-7
11
12
-210
-78
49
-1
-12
29
43
-45
244
-1
13
228
67
-71
2
27
4
-12
76
-47
-61
15
25
-14
30
-215
-11
24
-208
-21
13
18
-7
16
57
-52
252
46
-4
237
11
-21
237
37
14
251
15
-18
-5
38
-245
-14
0
-210
-23
16
-235
-30
36
41
-35
22
23
-21
219
80
-24
255
32
-25
225
52
-8
-8
55
-14
13
-10
-196
-56
43
-221
-3
15
21
-33
45
41
2
7
25
2
235
33
-58
218
48
-19
3
22
7
-36
30
-51
-23
16
-241
-23
37
-222
-12
-2
-221
-31
36
52
-26
15
18
2
211
25
-24
242
12
-18
237
13
-13
-71
97
-43
18
-43
34
-50
70
-186
-21
20
15
-59
45
61
-45
33
-10
-14
178
61
-75
238
1
3
6
34
-18
-79
69
-48
-9
-9
-224
-54
25
-233
10
25
-227
-21
35
39
-8
9
68
-17
205
21
-19
216
33
-10
219
61
-2
-23
14
-28
-20
17
-254
-9
56
45
-46
51
-244
15
18
70
-29
45
-3
3
213
92
-55
41
-15
32
-255
32
-61
-39
45
-24
16
31
-213
-23
43
-242
-33
48
-253
-9
7
33
-62
58
28
-17
230
13
-49
212
37
-7
249
51
-24
-10
62
-56
6
20
-222
-32
47
-248
-13
20
-214
-25
45
5
-26
68
60
-9
234
14
13
232
50
-49
195
7
-20
-36
41
-34
-20
12
-212
-35
85
-232
-10
11
-220
-29
54
8
-27
-7
14
-1
195
44
-60
15
16
-13
231
45
-42
-33
21
-9
-27
44
-215
-33
28
-254
-17
17
-213
-44
39
30
-29
234
27
-43
237
41
-17
241
28
-32
228
66
-18
-29
24
-208
-54
80
-17
6
-10
-164
-88
66
-252
12
-22
75
-70
230
27
2
-249
14
-10
195
78
-26
249
18
-9
-26
33
-196
-40
55
-10
4
29
17
-66
50
-243
-33
40
41
-11
203
29
-22
204
22
-7
3
42
-5
227
39
-37
-18
35
-230
-1
65
-199
-32
12
-253
-7
14
-205
-40
23
36
7
227
6
-42
227
1
4
212
45
-35
230
21
-16
-25
32
-206
-23
16
-233
-11
44
-189
-46
47
-240
-24
51
66
-23
-1
14
-4
252
44
-36
218
39
-46
238
44
-5
-7
40
-228
-40
23
-211
-69
66
-215
-34
28
-239
18
16
58
-51
195
26
-16
11
-15
3
201
40
-47
249
17
-13
-25
56
-242
-8
-17
-232
-55
76
-224
15
15
247
-27
40
50
-20
238
65
-34
209
41
-10
16
0
-26
203
77
-42
8
16
-231
-13
63
-193
-3
0
49
-39
73
-225
6
16
48
-46
5
9
0
248
34
-57
197
46
-21
228
29
-16
-29
72
-223
-10
23
-239
-14
11
-230
-24
32
-232
-36
44
22
-30
3
31
-33
201
58
-51
251
4
-18
238
63
-35
-4
-9
5
-24
68
-233
-28
-14
-5
17
38
41
-33
56
1
4
229
59
-49
226
44
-6
238
11
-20
-75
54
-36
-17
41
-230
3
14
-190
-52
49
-4
20
15
64
-32
58
35
-32
7
26
-11
237
2
-19
230
32
-27
-20
9
-4
-13
50
-245
-12
5
13
3
23
-221
-19
44
60
-46
60
7
-4
253
51
-29
221
37
-40
255
20
-17
-44
35
-33
-20
51
-209
7
40
-220
-14
24
-236
-19
40
74
-58
39
-5
-20
205
54
-56
223
48
-39
252
24
-11
-11
14
-31
-35
73
-219
-28
10
-242
-41
56
-206
-19
38
19
-40
24
31
-41
246
10
-5
237
47
-35
242
17
3
-39
55
-60
-48
51
-8
0
1
-151
-72
70
-244
-9
48
71
-49
20
-10
5
228
28
2
247
11
-13
214
70
-26
-17
38
-20
-22
50
-236
-21
16
-224
-8
59
-200
-26
25
-9
-1
3
20
-49
233
28
-41
221
7
29
-25
53
-58
2
37
-11
11
21
-184
-46
62
-243
10
20
27
-38
47
72
-35
56
17
6
243
35
-12
226
44
-29
245
10
-20
-48
47
-29
11
20
29
-34
55
-182
-30
13
-249
-12
40
69
-24
43
4
-35
203
19
-26
245
23
-27
4
-6
-21
-27
31
-36
-27
47
28
-17
14
-203
-39
33
243
0
11
73
-35
73
11
0
226
33
-37
235
15
-3
233
32
-28
-29
30
-48
-7
18
-255
-15
23
-195
-28
24
-13
15
-2
39
-24
42
69
-59
245
8
-25
216
41
-54
205
25
-11
-36
39
-47
1
12
-214
-2
35
-235
-22
24
-222
-39
60
16
36
221
34
-51
254
31
-12
203
25
-20
240
54
-19
-69
38
-202
-16
36
-235
2
50
-213
-7
-4
6
-20
39
64
-40
224
-2
17
201
56
-48
229
34
14
248
-6
-8
-39
30
-223
-37
21
-249
-26
16
-227
-45
49
-223
21
33
66
-54
214
8
-7
244
54
-58
231
12
12
237
50
-23
-35
37
-205
-21
36
-10
-1
-2
-212
-47
59
-247
23
-6
79
-40
252
11
-1
-23
38
-50
218
39
18
7
-1
-15
-62
40
-225
9
15
-211
-70
66
-217
-4
15
23
-7
18
45
-13
225
49
-37
231
-8
2
242
9
-3
200
29
-62
-43
10
-228
-18
22
-230
9
3
-198
-25
5
-216
-18
23
24
-35
244
-15
1
215
51
-35
250
18
-5
219
65
-33
-35
29
-1
8
46
-208
-36
20
-208
-34
38
-248
-13
-15
34
-51
228
19
-27
-249
51
-23
236
23
-40
236
27
-47
-19
21
-209
-44
39
-2
5
-4
-227
9
55
-238
-35
55
30
-32
8
11
-9
183
45
-29
253
6
10
-9
40
-51
-30
53
-226
-12
38
-222
3
15
-230
-38
21
16
-24
19
27
12
237
21
-17
227
15
-13
234
44
-17
0
46
-19
-41
32
-220
-15
3
13
-10
23
-184
-40
28
13
-6
11
21
-39
226
40
-42
233
16
-32
242
47
-26
-6
47
-50
-37
27
-247
-37
41
-217
-8
27
-227
-40
24
45
2
27
29
-31
247
0
-35
199
50
-4
249
46
-32
-29
17
-28
-40
38
-237
-41
32
-255
-35
53
-238
-3
17
34
-40
42
41
7
222
9
-30
222
37
-20
244
7
-22
-36
46
-56
