190
1758
64884
64217
64362
425
320
65133
64373
63991
64702
65462
64883
64195
63915
63845
64317
64650
64394
64093
63483
63232
63813
64274
64011
63316
62713
62517
63204
63651
63533
63054
62352
62141
62233
62816
63134
62923
61655
61401
61188
62424
62610
62477
61133
60833
60690
62107
62291
62200
60473
60288
60248
61478
61816
61612
59942
59823
60418
60147
61062
60767
60553
59819
59744
59707
60215
60192
60278
59733
59272
59042
60152
61070
59923
58887
58318
58800
59891
60205
59565
58616
58113
58520
60349
59230
59266
59254
58090
58381
58229
59143
58995
59078
57090
57949
57597
59083
58464
58792
56889
57150
57096
58987
59156
57559
57157
56711
57648
58270
58137
57601
56731
56921
56723
58660
58428
57648
57420
56285
57008
57066
58259
56864
56174
56446
56508
57307
57162
57200
56440
56230
56155
56120
57985
57687
56389
55170
55351
56151
57341
57706
55451
55636
55076
56333
56040
56783
56042
55850
55315
55516
56498
56676
56277
55391
54913
55205
56010
55939
55442
55503
55147
55466
55382
56087
55611
55443
54391
54767
55721
56560
55903
55058
55113
54922
55210
55316
55489
55308
55382
55263
54791
55023
55953
55443
55532
54656
55028
55279
56020
55919
55234
55270
55084
55337
55559
55585
55739
55113
55171
55435
55470
55881
55635
55424
55327
55601
55776
55745
55682
55974
55688
56247
55582
55928
56669
55718
55761
55345
56122
56310
56551
55618
55640
55942
56144
56523
56333
55937
55885
56067
56350
56164
56709
56031
56015
56012
56419
56596
56617
56174
56014
56230
56339
56529
56624
56429
56217
55848
56522
56524
56566
56883
56284
56256
56378
56514
56697
56669
56396
56161
56735
56539
56873
56668
56493
56134
56532
56880
56830
56795
56571
55995
56334
56824
56903
56985
56609
56098
56381
56300
57155
56515
56778
56220
56749
56595
56678
57430
56751
56496
55791
56543
56889
57371
56708
56326
56507
56709
57257
57196
57096
57051
56738
57253
57018
57896
57148
57502
56878
58109
57633
58163
57165
57557
57171
57009
58164
57718
58030
57359
57516
57220
57732
57353
57925
57339
57049
57114
57701
57829
57772
57078
56950
57095
57853
58008
57494
57218
56925
57187
57842
57450
57400
57160
56667
57003
56796
57755
57584
57153
56481
57055
56435
57360
57514
56506
56694
56819
56965
56972
57463
56781
56729
56535
56395
57448
57697
57088
56251
55824
56584
57344
57920
56590
56143
56324
56355
57092
57341
56869
56498
56204
56381
56703
57696
56418
56497
55655
55921
56800
57514
57414
55754
56442
56030
56876
56652
56917
56169
56228
56184
56229
56400
56911
56092
56432
55279
56806
56057
56920
55343
56246
55778
56572
56362
56161
56987
55932
56214
55082
56509
56262
57136
55608
55618
55621
56188
56040
56308
56251
55591
56027
55704
56646
56505
56425
55751
55730
55911
56293
56896
56052
55772
55474
55880
56591
56821
56091
55789
55985
55945
56473
56595
56497
55604
55853
55662
56869
56748
56578
55682
55569
55956
56418
56903
56631
56160
55797
55945
56076
57137
56826
56277
55655
55812
57059
57204
57285
56313
55668
56493
56875
57401
56381
56320
56014
56552
56997
57210
56808
56264
56182
55959
56772
57286
56866
56181
55675
56034
56858
57257
56749
55938
56229
55945
56828
56530
56773
56107
56122
56021
56405
56578
56676
56094
55868
55892
56265
56410
56403
56933
56320
55942
55991
56408
56586
56928
56359
55679
55773
56547
56507
57207
55945
56395
55930
56724
57000
56857
56239
55893
56091
56151
57091
56466
57348
56246
56239
55998
56803
56446
57595
56494
57084
56082
57046
56372
57715
57157
56411
56552
57551
58029
57623
57008
56161
56864
57407
57844
57688
57009
56507
57023
57554
57640
57146
57208
56657
57243
56701
57644
56758
57282
56528
57277
56402
57432
56579
57263
56512
56167
56420
57265
57453
57143
56451
56245
56331
56929
57874
56657
56466
55875
56771
56981
57510
56720
56660
56126
57213
56829
56901
56556
56369
56739
56635
56814
56593
57489
56208
56800
56138
56739
56959
56954
56414
55853
56069
56763
56899
57160
56187
56363
56075
56706
56539
56891
56098
55994
56051
56600
56554
56973
55878
56146
55716
56226
56329
56784
56762
56101
55884
55861
56303
56139
57055
55715
56106
55712
56381
57018
56748
55973
55528
55931
56173
56359
56753
55726
55983
55788
56134
56356
56457
56876
55574
55841
55855
56468
55864
57019
55821
56687
55818
56063
56134
56489
56508
55851
55853
56546
56762
56749
55934
55550
56077
56420
56812
56740
56030
56033
55998
56808
56677
56569
56422
55972
56069
56491
57198
56363
56443
55949
56404
56549
56912
56414
56449
56454
56199
56565
56993
56834
56440
56342
55899
56880
56980
56948
56442
56508
55877
56992
56723
57180
55827
56324
56100
56834
56896
56610
56160
56308
56408
56844
57047
56731
57063
56260
56141
56003
56905
56779
56992
56371
56306
56059
56893
56404
56962
56233
56329
56143
56983
56940
56791
56426
56100
56315
57082
56786
56640
56124
56309
56485
56106
56483
56492
56495
56221
56359
55847
56802
56334
56519
56194
56439
56214
56719
57441
55949
56530
55840
56665
56413
56874
56347
56288
56758
56225
57485
57203
56925
57235
56413
56934
56937
57773
56735
56725
56784
57060
57683
57679
57473
56693
56654
56718
57312
58285
57208
56878
56085
56508
57537
57623
57693
56788
56358
57137
56911
57415
57314
56758
56545
56584
56609
57076
57515
56826
56509
56233
56850
57130
57285
56658
56337
56610
57185
56618
57101
56733
56966
56200
56773
56581
57395
57224
56156
56231
56131
57335
57219
57423
56086
55996
56726
56696
56874
56811
56319
56323
56313
57029
56695
57334
56669
55912
56294
55934
57038
56851
56665
55840
56955
56315
56590
56387
56539
56154
55914
55904
56374
56942
56655
55633
55390
56076
56407
57168
56563
55984
55267
55860
56442
56969
56361
56199
55465
56039
56070
56845
56130
55812
55459
55872
56298
56683
56576
55862
55584
56044
56186
56634
56279
56222
55736
55720
56136
56717
56818
56206
55741
55563
55909
56715
57036
55917
55932
55491
56068
56597
56676
56276
56125
55646
56514
56853
56822
56562
55954
56252
56043
56490
56850
56289
56494
55851
56230
56657
57064
56498
56266
56630
56007
56920
56587
56892
56264
56498
56005
57159
57158
56377
56243
56452
56514
56518
56935
56454
56712
56228
56344
56661
57328
56711
56810
56084
56166
56635
57325
56982
56384
56146
56440
56731
57160
56825
56495
56169
56083
56644
57106
56910
56664
56447
56118
56573
55914
57224
56122
56625
55710
56772
56619
56770
56332
56231
56029
56120
56416
56879
56606
56129
55717
55997
56556
56967
56653
55888
55354
56041
56736
55843
56679
55561
56683
56154
56895
56190
56788
55967
56331
56267
56689
56883
56542
56541
56344
56439
56692
56949
57417
56852
56562
56378
56125
57455
57536
57074
56452
56095
56678
57374
57470
56946
56560
56413
56753
57095
57264
57257
56797
56549
56231
57094
57401
57336
57102
56304
56311
57006
57196
57454
56379
56573
56256
57000
56953
57528
56912
56375
56546
56527
57305
57012
57004
56190
56419
56440
57541
57167
56475
56185
56328
57015
56653
56976
56470
56565
56238
56395
56719
57000
56653
56610
55799
56652
56731
57385
57101
56084
56256
56274
56893
56776
56815
56660
56096
56490
56211
57343
56914
56597
56405
55937
56399
56600
57174
55886
56432
55707
57028
56629
56546
56160
55923
56181
55920
56616
56773
56574
56197
55476
55730
56450
56969
56879
55978
55710
55728
56472
56358
56758
56155
56230
55639
56510
56731
56939
56243
56112
55726
56371
56708
56527
56320
56065
55850
56394
56433
56764
56002
56321
55633
55957
56761
57164
56355
56061
55466
56118
57032
56572
56695
56144
56258
56196
56768
56673
56689
55986
56036
56436
57041
57144
56600
56639
56095
56450
56597
56929
57042
56600
56282
56347
56577
57079
56859
56682
55797
56402
56708
57562
57097
56640
55826
56428
56615
57170
57052
56679
56282
56370
56707
56452
57132
56492
56668
56239
56947
56466
57303
56098
56540
55844
57062
57194
57004
57121
56146
56308
56212
56742
57121
57011
55931
56016
55997
56781
56994
56900
55925
56311
55807
56923
56430
57057
56038
56131
56068
56582
56446
56811
55685
55885
56158
56427
56447
56687
56633
55930
56183
56103
56458
56654
56766
55634
56136
56097
56839
56440
56615
55871
55950
56288
57061
56964
56867
56030
55830
56817
57196
57369
56666
56096
56194
57032
56312
56960
56965
56997
56231
56660
56507
57288
56712
57088
55899
57186
56683
56997
57312
56722
56513
56246
56711
57222
57314
56838
55868
56220
56619
57140
0
0
0
0
0
0
0
0
0
0
0
0
0
0
0
0
0
0
0
0
0
0
0
0
0
0
0
0
0
0
0
0
0
0
0
0
0
0
0
0
0
0
0
0
0
0
0
0
0
0
0
0
0
0
0
0
0
0
0
0
0
0
0
0
0
0
0
0
0
0
0
0
0
0
0
0
0
0
0
0
0
0
0
0
0
0
0
0
0
0
0
0
0
0
0
0
0
0
0
0
0
0
0
0
0
0
0
0
0
0
0
0
0
0
0
0
0
0
0
0
0
0
0
0
0
0
0
0
0
0
0
0
0
0
0
0
0
0
0
0
0
0
0
0
0
0
0
0
0
0
0
0
0
0
0
0
0
0
0
0
0
0
0
0
0
0
0
0
0
0
0
0
0
0
0
0
0
0
0
0
0
0
0
0
0
0
0
0
0
0
0
0
0
0
0
0
0
0
0
0
0
0
0
0
0
0
0
0
0
0
0
0
0
0
0
0
0
0
0
0
0
0
0
0
0
0
0
0
0
0
0
0
0
0
0
0
0
0
0
0
0
0
0
0
0
0
0
0
0
0
0
0
0
0
0
0
0
0
0
0
0
0
0
0
0
0
0
0
0
0
0
0
0
0
0
0
0
0
0
0
0
0
0
0
0
0
0
0
0
0
0
0
0
0
0
0
0
0
0
0
0
0
0
0
0
0
0
0
0
0
0
0
0
0
0
0
0
0
0
0
0
0
0
0
0
0
0
0
0
0
0
0
0
0
0
0
0
0
0
0
0
0
0
0
0
0
0
0
0
0
0
0
0
0
0
0
0
0
0
0
0
0
0
0
0
0
0
0
0
0
0
0
0
0
0
0
0
0
0
0
0
0
0
0
0
0
0
0
0
0
0
0
0
0
0
0
0
0
0
0
0
0
0
0
0
0
0
0
0
0
0
0
0
0
0
0
0
0
0
0
0
0
0
0
0
0
0
0
0
0
0
0
0
0
0
0
0
0
0
0
0
0
0
0
0
0
0
0
0
0
0
0
0
0
0
0
0
0
0
0
0
0
0
0
0
0
0
0
0
0
0
0
0
0
0
0
0
0
0
0
0
0
0
0
0
0
0
0
0
0
0
0
0
0
0
0
0
0
0
0
0
0
0
0
0
0
0
0
0
0
0
0
0
0
0
0
0
0
0
0
0
0
0
0
0
0
0
0
0
0
0
0
0
0
0
0
0
0
0
0
0
0
0
0
0
0
0
0
0
0
0
0
0
0
0
0
0
0
0
0
0
0
0
0
0
0
0
0
0
0
0
0
0
0
0
0
0
0
0
0
0
0
0
0
0
0
0
0
0
0
0
0
0
0
0
0
0
0
0
0
0
0
0
0
0
0
0
0
0
0
0
0
0
0
0
0
0
0
0
0
0
0
0
0
0
0
0
0
0
0
0
0
0
0
0
0
0
0
0
0
0
0
0
0
0
0
0
0
0
0
0
0
0
0
0
0
0
0
0
0
0
0
0
0
0
0
0
0
0
0
0
0
0
0
0
0
0
0
0
0
0
0
0
0
0
0
0
0
0
0
0
0
0
0
0
0
0
0
0
0
0
0
0
0
0
0
0
0
0
0
0
0
0
0
0
0
0
0
0
0
0
0
0
0
0
0
0
0
0
0
0
0
0
0
0
0
0
0
0
0
0
0
0
0
0
0
0
0
0
0
0
0
0
0
0
0
0
0
0
0
0
0
0
0
0
0
0
0
0
0
0
0
0
0
0
0
0
0
0
0
0
0
0
0
0
0
0
0
0
0
0
0
0
0
0
0
0
0
0
0
0
0
0
0
0
0
0
0
0
0
0
0
0
0
0
0
0
0
0
0
0
0
0
0
0
0
0
0
0
0
0
0
0
0
0
0
0
0
0
0
0
0
0
0
0
0
0
0
0
0
0
0
0
0
0
0
0
0
0
0
0
0
0
0
0
0
0
0
0
0
0
0
0
0
0
0
0
0
0
0
0
0
0
0
0
0
0
0
0
0
0
0
0
0
0
0
0
0
0
0
0
0
0
0
0
0
0
0
0
0
0
0
0
0
0
0
0
0
0
0
0
0
0
0
0
0
0
0
0
0
0
0
0
0
0
0
0
0
0
0
0
0
0
0
0
0
0
0
0
0
0
0
0
0
0
0
0
0
0
0
0
0
0
0
0
0
0
0
0
0
0
0
0
0
0
0
0
0
0
0
0
0
0
0
0
0
0
0
0
0
0
0
0
0
0
0
0
0
0
0
0
0
0
0
0
0
0
0
0
0
0
0
0
0
0
0
0
0
0
0
0
0
0
0
0
0
0
0
0
0
0
0
0
0
0
0
0
0
0
0
0
0
0
0
0
0
0
0
0
0
0
0
0
0
0
0
0
0
0
0
0
0
0
0
0
0
0
0
0
0
0
0
0
0
0
0
0
0
0
0
0
0
0
0
0
0
0
0
0
0
0
0
0
0
0
0
0
0
0
0
0
0
0
0
0
0
0
0
0
0
0
0
0
0
0
0
0
0
0
0
0
0
0
0
0
0
0
0
0
0
0
0
0
0
0
0
0
0
0
0
0
0
0
0
0
0
0
0
0
0
0
0
0
0
0
0
0
0
0
0
0
0
0
