65503
358
1159
64532
65285
64631
938
64995
145
64083
64143
65167
717
461
64694
63785
64111
10
172
65323
63973
63630
63978
65274
65282
64823
63323
63353
63699
65127
64978
64216
62791
62720
63915
64126
64427
63615
63540
62776
63229
63254
63660
63466
63172
62604
62818
62767
63384
63125
62991
62329
62180
62485
63359
62964
62507
61742
62009
62220
63122
62585
62157
61351
61726
61844
61609
62834
61618
61998
60852
61852
61562
62494
61234
61451
60723
61672
61314
62331
61026
61171
60217
60020
61474
61796
61663
60844
60080
60332
61006
61633
61278
60671
59966
59886
60787
60466
61323
60278
60377
59879
60257
60329
61420
60112
60133
59251
60444
60323
61279
60846
59865
59197
59437
60232
60685
60585
59622
59279
59579
60145
60542
60256
59685
59921
59559
59874
59775
60128
59884
59890
59349
59996
59704
60535
59528
59910
59400
59166
59839
60270
60338
59658
59229
59293
59977
60261
59828
59798
59489
59666
60026
59730
60026
59795
59917
59889
60031
59703
60049
59652
59936
59797
60315
59795
60289
60220
60267
59852
60059
59952
60604
60351
60000
60013
59908
60569
60389
60521
59747
60471
60305
60596
60482
60251
60222
60239
60786
60344
60566
60352
60417
60745
60320
60886
60653
60842
60875
60455
61136
60741
60872
60807
60757
60880
60789
61146
60821
61288
61051
61050
61158
60951
61305
61187
61030
61005
61075
61493
61155
61129
61159
60999
61400
61253
61391
61306
61599
61503
61096
61310
61516
61740
61590
61347
61041
61284
61810
61869
61650
61301
61077
61387
61816
61954
61767
61393
61009
61371
61904
61698
61807
61354
61512
61460
61757
61704
61781
61665
61608
61315
61900
61591
61866
61618
61647
61410
61398
61636
61835
61900
61286
60964
61200
62002
62169
61604
61260
60849
61239
61939
61698
61724
61050
61367
60917
62088
61800
61951
60857
61359
60988
62055
62011
61707
61088
61136
61170
61510
62001
61907
61508
61114
61039
61395
62019
61699
61749
60833
61240
61131
62556
62051
61257
60569
60778
61603
62427
61979
61149
60628
60742
61428
62317
61835
61127
61352
60505
61478
61263
61526
60975
61107
60783
61436
61173
61514
60701
61041
60584
60759
61071
61293
61493
60834
60448
60807
61028
61287
61380
60529
60202
60700
61117
61211
61356
60518
60699
60374
61263
60954
61389
60177
60672
60215
61502
60945
61065
61400
60404
60703
60088
60857
61015
61025
60478
60590
60500
60759
60885
61037
60452
60351
60139
61018
60932
61100
60154
60196
60238
60978
60948
60811
60008
60222
60173
60136
60907
60738
61066
59957
60512
60148
60827
60600
60599
60152
60500
60429
60752
60858
60712
60235
60500
60260
60950
60826
60689
60050
60237
60456
60984
60824
60744
60027
60279
60439
60265
60912
60745
60816
60232
60627
60673
60838
60698
60672
60292
60463
60750
60952
60812
60444
60263
60386
60960
60816
60775
60517
60629
60579
60773
61135
60665
60961
60762
60719
60657
60467
60872
61092
61066
60514
61157
60686
61113
60890
60844
60675
60748
60930
61016
60899
60927
60859
60896
60949
61028
61034
60922
60901
60915
61065
61103
61144
60822
61049
60665
61363
61126
61379
60879
60906
60790
61210
61364
61080
61350
60926
60873
61017
61309
61148
61125
61033
60962
61087
61454
61374
61350
61010
61119
61206
61523
61471
61146
61004
61171
61278
61674
61445
61585
60793
61144
61291
61834
62008
61392
61755
61056
61452
61436
62269
61204
61722
61150
61559
61707
62158
61534
61535
61146
61398
61684
62321
61888
61416
61055
61323
61791
62165
61860
61420
61143
61316
61719
61545
61842
61386
61406
61198
61902
61615
62317
61161
61117
60801
61918
61735
62232
61741
60997
60755
60838
61855
62159
61857
60594
60756
60837
62053
61582
61340
60621
60692
61165
61612
61469
61464
60622
60872
60800
61587
61559
61237
60495
60524
61088
60820
61579
61179
61348
60193
60738
60917
61745
61130
61349
60174
61101
60699
61664
61598
61217
60149
59998
60984
61476
61542
60844
60260
60435
60759
61066
61412
60871
60954
60317
60877
60698
61095
60677
61061
60436
60852
60487
61334
60668
60786
60244
60854
60741
61026
61432
60572
60356
59958
60576
60996
61117
60842
60274
60063
60609
60478
60741
60790
60190
60475
60599
60943
60869
60748
60467
60324
60666
60695
60971
60808
60684
59933
60430
60661
61130
61116
60323
60061
59983
60966
60760
60989
60443
60249
60283
60727
61044
60777
60696
60321
60465
60841
61054
60708
60868
60550
60578
60923
60890
60974
60783
60868
60618
60510
61079
61171
61135
60528
60503
60768
61251
61137
61183
60629
60734
60576
61367
61420
61208
60876
60578
60757
61006
61409
61119
60554
60877
60851
60914
61317
61171
61027
60819
60741
61092
61277
61425
61009
60831
60769
61102
61277
61298
60973
60654
60739
61257
61193
61344
60872
60777
60874
61159
61555
61233
61086
60873
61036
60921
61176
61327
61027
61131
60841
61299
60895
61250
61128
61117
61230
61016
61056
61219
61324
61473
61004
61117
60950
61434
61597
61494
60816
61064
61230
61514
61825
61121
61077
60918
61445
61587
61794
60977
61064
61255
61921
61725
61750
60905
61116
61338
60778
61614
61392
61829
61150
61556
60920
61433
61408
61638
61367
61205
60976
61332
61731
61815
61220
60702
60929
61845
61874
61824
60824
60435
61001
61714
62083
61492
61136
60375
61147
61294
61921
61305
60929
60572
61172
61152
61479
61193
61023
60609
60443
61218
61281
61762
61040
60867
60481
60988
61404
61479
61299
60852
60468
61033
61514
61612
60987
60637
60406
61031
61481
61613
60805
60601
60408
61428
61460
61416
60729
60623
60736
60574
61161
61227
61275
60860
60651
60482
61070
60990
61348
60669
60776
60369
61179
61115
61341
60412
60461
60358
61205
61265
61249
60189
60530
60362
61559
61414
61052
61296
60316
60630
60378
61378
61096
60862
60434
60548
60592
61207
61046
60732
60420
60557
60752
61227
60896
60777
60397
60524
60592
61260
61263
60671
60538
60193
60770
60604
61336
60683
60643
60051
60461
60907
61292
60851
60566
60294
60421
60708
61255
60967
60732
60372
60513
60755
60974
60926
60792
60256
60663
60639
60998
60896
60847
60676
60493
60773
60753
61214
60732
60656
60562
60723
61038
61251
60910
60716
60461
61065
61104
61431
61382
60636
60448
60688
61109
61119
61137
60824
60773
60868
61051
61281
61157
60905
60938
60891
61077
61047
61260
61129
60884
60718
61281
61305
61400
60825
60671
60589
60875
61501
61239
61331
60608
60727
60984
61544
61579
61344
60814
60889
61444
61389
61356
61231
60890
61025
61323
61510
61512
61228
60995
61060
61563
61515
61435
61479
61484
61344
61376
61117
61450
61712
61689
61141
61196
61211
61902
61311
61636
60877
60858
61246
61734
62213
61521
61142
60781
61307
61942
62199
61414
61159
60746
61342
61696
62038
61492
61146
60834
61189
61651
61871
61421
61017
61069
61313
61578
61725
61509
61080
60549
60590
61419
61998
61575
60921
60732
60282
61328
61924
61754
60971
60459
60174
61227
61892
61896
60868
60535
59952
61357
61927
61636
61105
60248
60211
60929
61938
61571
60867
60291
60217
61097
61674
61567
60917
60411
60411
60945
61796
61686
61008
60150
60349
61007
61929
61647
60814
60072
60243
60860
61379
61552
60847
60631
60543
60671
61032
61171
60968
60666
60647
60319
60929
61248
61166
60883
60451
60589
60788
61064
61265
60734
60336
60372
60718
61687
61292
60674
60080
60240
60921
61215
61278
60612
60585
60132
60866
60546
61462
60326
60742
60112
60983
60668
60976
60423
60534
60476
60506
60727
60872
61011
60677
60487
60470
60728
60977
61243
60703
60430
60424
60793
60912
61265
60698
60785
60276
61141
60819
61607
60583
60757
60484
60940
61133
61217
60704
60730
60849
60522
61049
61619
61170
60834
60910
60763
61148
61009
61517
60792
61066
60629
61309
61593
61367
60682
60492
60783
61249
61447
61445
60792
60524
60771
61326
61533
61565
61068
60548
60576
61014
61532
61418
60902
60763
60926
61173
61199
61211
60979
60799
60675
61007
61090
61281
61237
60937
60727
60804
61199
61476
61202
60749
60417
61089
61000
61676
60998
61021
60485
61193
61339
61531
61341
60644
60663
60982
61777
61119
61340
61074
61105
61136
61337
61507
61484
61273
61103
61022
61304
61589
61425
61492
61149
61022
61225
61439
61886
60955
60970
60695
61950
61845
61713
61031
60872
60944
60942
61725
61643
61830
60984
60749
60615
61788
61224
61613
61028
61057
60790
61629
61331
61571
60927
60884
61067
61600
61627
61285
60738
60954
61057
61583
61542
61360
60582
60554
61070
60873
61929
61181
61372
60527
61001
61049
61846
60968
61024
60489
60691
61143
61642
61394
61051
60575
60662
61027
61483
61293
60961
60600
60720
60968
61365
61289
60991
60792
60729
60897
60971
61307
60699
60910
60547
61332
60962
61244
60924
60725
60462
60362
61217
61405
61609
60635
60207
60452
61234
61343
61318
60622
60484
60625
61199
61143
61235
60694
60656
60846
61144
60899
61187
60428
60773
60556
61327
61201
61262
61296
60545
60630
60293
61319
60844
61427
60324
60775
60429
61158
61097
61141
60454
60325
60448
61200
61121
61037
60180
60386
60580
60929
61052
61130
60578
60505
60646
61173
61027
61074
61104
60347
60684
60495
61148
61040
61145
60305
60629
60686
61248
60774
60956
60530
60358
60691
60972
61233
61115
60575
60312
60881
61088
61283
60895
60538
60496
61026
60707
61024
61127
60990
60713
60888
60898
61052
61137
61021
60636
61107
61002
61309
61389
60828
60649
60586
61097
61266
61187
60962
60469
60706
61042
61199
61279
60870
60984
60663
61265
61003
61209
60776
60955
60760
61360
60913
61169
60741
61088
60921
60763
61140
61025
61212
61050
61129
60940
61272
61397
61391
60973
60736
60852
61514
61460
61420
60943
60953
60987
61508
61696
61597
61048
60861
61395
61682
61725
61509
61387
61039
61248
61007
61778
61538
61265
61166
61394
61414
61586
61549
61373
61079
61314
61113
61947
62225
61362
60721
60588
61281
61803
62252
61229
61138
60568
61198
61700
62020
61368
61250
60566
61542
61404
61753
61275
60997
61008
60950
61317
61538
61433
61149
60792
60954
61096
61763
61374
61047
60797
60691
61251
61713
61519
60644
60420
60651
61421
61297
61572
60587
60720
60489
61199
61292
61628
60434
60672
60260
61507
61218
61707
61024
60549
60459
60956
61400
61376
61063
60452
60612
60795
61223
61402
61051
60465
60541
60509
61107
61440
61161
60248
60151
60673
61204
61542
61280
60649
60108
60448
60812
61575
61345
60779
59871
60806
61008
61501
61130
60680
60303
60417
61040
61141
61361
60650
60516
60274
60960
60978
61244
60846
60305
60158
60718
61021
61360
60916
60666
60117
60713
60895
61215
60986
60667
60244
60792
60945
61139
60885
60830
60640
60560
60766
60890
61074
60836
60529
60505
60751
61064
61157
60910
60593
60611
60921
60928
61367
60691
60757
60437
61106
61172
61095
60698
60651
60681
61118
61011
61187
60753
60962
60683
60548
61093
61264
61444
60690
60768
60459
61315
60950
61283
60815
60867
60934
61189
61115
61012
60911
60954
60905
61174
60938
61139
60572
60827
60777
61375
61177
61116
61278
60724
60916
60722
61217
61024
60970
60865
60818
60749
61144
61254
61078
60611
60933
60791
61283
61097
60895
60757
60983
60784
61256
61107
61172
60834
60999
60716
60895
61368
61143
61283
60689
61029
60948
61673
61115
61205
60767
60977
61121
61873
61024
61286
60772
60921
61195
61765
61764
61144
61016
61056
61243
61623
61707
61267
60947
61056
61265
61348
61569
61359
61172
61102
61293
61320
61548
61365
61228
60804
61658
61486
61673
61629
61001
61048
60837
61523
61659
61599
60919
60697
60982
61528
61453
61410
60696
60801
60888
61457
61480
61357
60775
60936
60945
61360
61285
61302
60882
60880
60976
60963
61216
61193
61309
60671
61064
60856
61515
61326
61227
60544
60918
60997
61479
61507
61134
60245
60415
60908
61673
61588
60835
60616
60629
60976
61282
61517
60976
61087
60439
60927
60877
61443
60998
60992
60578
60885
61117
61422
61132
60962
60214
60314
61163
61672
61117
60822
60203
60421
61150
61874
61247
60570
60113
60298
61292
61581
61243
60592
60765
60350
61142
61276
61302
60854
60471
60476
61140
61270
61094
60795
60567
60430
60648
61252
61205
60979
60451
60354
60510
61223
61109
61175
60354
60447
60534
61276
61279
61006
60431
60447
60413
61232
61340
61041
60855
60367
60619
61102
61270
60920
61002
60437
60763
60508
61141
60685
60961
60578
60820
60512
61223
60971
60879
60600
60526
60804
61292
61137
61119
60438
60668
60589
61212
61348
60947
60581
60591
60778
60959
61118
61187
60903
60749
60833
60960
61289
61161
60937
60734
60837
61016
61271
61252
60823
60693
60653
61175
61203
61379
60901
60921
60709
61023
61346
61395
61014
60795
60735
61020
61079
61482
60727
60858
60428
61541
61310
61341
60823
60857
61054
61147
61200
61337
61465
60977
60881
60993
61263
61214
61397
61038
60845
61073
61451
61883
61324
60876
61007
61073
61579
61540
61397
61000
61022
61136
61497
61470
61626
60701
61105
60959
60962
61425
61459
61800
61043
61287
60849
61560
61551
61495
60986
61367
61163
61444
61600
61452
61144
60933
61081
61436
61500
61648
60701
60749
61025
61516
61855
61427
61099
60471
61152
61239
61836
61203
61111
60333
61387
61321
61875
61171
61046
60537
60687
61333
61646
61468
61018
60469
60574
61277
61537
61456
60941
60806
60495
61110
61267
61460
60857
60697
60400
61260
61322
61485
60841
60591
60320
61219
61411
61317
61469
60480
60439
60499
61429
61037
60782
60671
60270
60739
61098
61289
61166
60597
60619
60456
61041
60991
61021
60639
60666
60558
61159
60895
61176
60214
60420
60313
61536
61331
61240
61024
60209
60549
60404
61323
61045
61058
60314
60447
60416
61143
61092
60892
60507
60567
60463
61122
61168
60959
60656
60484
60541
61062
61177
61040
60710
60505
60500
60909
61348
61098
60748
60416
60551
61072
61596
60906
60689
60405
60675
61028
61386
61442
60795
60549
60438
61262
61080
61298
60707
60886
60792
61055
61284
61124
60941
60956
60903
61071
61001
61278
61073
61067
60710
61224
61211
61396
60747
60714
60712
60793
61228
61459
61281
60803
60713
60890
61090
61539
61058
61019
60653
60983
61186
61217
61063
60827
60720
61071
61067
61084
61096
60706
60931
60776
61024
60989
61316
60676
60797
60391
60808
61454
61296
61248
60562
60828
60882
61383
61217
61172
60617
60741
61079
61326
61235
61229
60874
60887
61134
61316
61039
61421
61182
61128
61031
61266
61140
61452
61144
61174
60953
61152
61257
61662
61560
60947
61362
61088
61759
61180
61546
60852
60778
61187
61640
61655
61462
60765
60786
61329
61799
61618
61305
60770
60788
61544
61135
61571
60986
61343
60981
61654
61333
61293
61000
61097
61217
61339
61257
61222
61447