-8
23
776
1315
-441
-1183
-1257
-13
753
17
-1006
-2006
-1728
-788
-482
-208
-1632
-1620
-2484
-801
-808
-1137
-2502
-2747
-2727
-1998
-1238
-1724
-2606
-3210
-3159
-3001
-1858
-2785
-3084
-3358
-3416
-3202
-2858
-3107
-3365
-3795
-3658
-3847
-3471
-3315
-3702
-4262
-4680
-4396
-4165
-3692
-4104
-4822
-5416
-4935
-4574
-3799
-4465
-5288
-5986
-5572
-5077
-4575
-4808
-5529
-6232
-6149
-5806
-4656
-5902
-5905
-6580
-6568
-6126
-5350
-5808
-6400
-7052
-6592
-6497
-5703
-5801
-6877
-7614
-7381
-6910
-6629
-6332
-6878
-7366
-7910
-7218
-6463
-6975
-7186
-7753
-7889
-7906
-7457
-7187
-7808
-7842
-8479
-8669
-7794
-7430
-7397
-7914
-8764
-8889
-8538
-7478
-7637
-8523
-8582
-9171
-8474
-8193
-8500
-8652
-9324
-8951
-9041
-8423
-8647
-8950
-9051
-9705
-9063
-9340
-8736
-8816
-8995
-9639
-9970
-9475
-9001
-9051
-9350
-9960
-10143
-9265
-8967
-9344
-9766
-9957
-9908
-9340
-9331
-9869
-9961
-10025
-9497
-9555
-9837
-9484
-10244
-9968
-9966
-10363
-9814
-9281
-9172
-10030
-10054
-9989
-9701
-9394
-9515
-10173
-10007
-9687
-9734
-9658
-9819
-10066
-10092
-9757
-9932
-10038
-9871
-10311
-9578
-10129
-9359
-10059
-9360
-10010
-9946
-10291
-10286
-9893
-9708
-9285
-10255
-10508
-10588
-9263
-9919
-10309
-10239
-10703
-9349
-9903
-9880
-9840
-9616
-9982
-7648
-8955
-12150
-11443
-12731
-7885
-9341
-7178
-11008
-10025
-8771
-10202
-9045
-10701
-13591
-8742
-13654
-481
-15725
-9853
-16630
-4698
-6334
-7007
-5872
-14083
-10361
-12066
-3157
-10652
-9654
-12709
-11086
-3120
-8344
-3726
-12645
-8922
-6728
-10550
-8406
-10990
-5798
-11020
-8673
-11682
-6127
-7824
-14282
-9991
-8229
-5155
-12373
-11397
-12846
-6157
-6035
-5367
-11921
-8883
-12812
-6351
-9893
-4242
-8665
-7573
-7161
-10514
-8654
-9252
-5863
-8620
-8701
-10970
-8675
-7845
-6377
-8148
-9138
-10024
-8023
-7773
-7046
-8654
-8971
-9396
-8591
-8050
-7872
-8016
-8785
-8758
-8917
-8062
-8044
-7836
-8396
-9007
-8925
-8176
-7773
-7918
-8431
-8836
-8734
-8273
-7758
-8096
-8695
-9089
-8467
-8516
-7845
-8354
-8215
-8966
-8634
-8601
-7950
-8758
-9042
-8555
-8657
-8496
-8583
-8423
-8602
-8788
-9175
-8728
-8373
-8283
-8909
-9104
-9472
-8704
-8407
-8527
-9110
-8895
-9264
-8799
-9386
-9017
-9269
-8886
-9055
-8852
-9126
-9176
-9608
-8393
-9429
-9887
-9820
-9287
-8570
-8719
-9330
-9815
-9601
-9531
-8640
-9273
-9420
-9880
-9197
-9072
-8751
-9780
-9708
-9367
-9186
-8947
-9450
-9630
-9511
-9134
-9188
-9224
-9437
-8854
-9227
-9168
-9231
-9422
-8716
-9033
-8806
-9667
-9200
-9409
-8670
-8683
-9049
-9017
-9312
-8951
-8851
-8698
-9357
-9300
-9113
-8505
-8855
-8679
-9505
-9193
-9219
-8898
-8940
-8925
-8928
-9183
-9115
-9015
-8594
-9246
-8990
-9457
-9121
-8602
-8973
-8865
-9399
-9514
-9426
-8899
-8793
-9105
-9404
-9706
-9253
-8858
-8924
-8931
-9578
-9373
-9755
-8677
-9182
-8808
-9586
-9462
-10149
-9007
-8888
-9097
-9533
-9916
-9579
-8974
-8736
-9468
-8767
-9894
-9701
-9282
-9119
-8825
-8920
-9625
-9670
-9727
-8444
-9499
-9003
-9944
-9395
-9151
-8878
-8986
-8900
-9523
-9267
-9313
-8559
-8913
-9034
-9679
-9377
-8983
-9615
-9005
-9044
-8980
-8970
-8754
-9617
-8903
-8751
-8722
-9082
-8815
-9822
-9116
-8855
-8392
-8998
-9202
-10025
-9429
-8114
-8565
-8802
-9597
-9219
-8966
-7916
-8610
-8668
-9545
-9219
-8613
-8182
-8535
-9090
-9104
-9077
-8929
-8677
-8689
-8874
-8841
-8874
-9251
-8463
-8207
-8621
-8809
-9398
-9015
-8528
-8100
-8567
-8904
-9018
-9085
-8602
-8561
-8530
-8988
-9141
-8816
-8637
-8108
-8973
-8999
-9137
-8524
-8553
-8215
-9115
-9008
-9291
-8741
-8714
-8380
-8478
-9050
-8993
-9048
-8586
-8950
-8289
-9429
-8729
-8978
-8262
-8441
-8673
-9130
-9405
-8823
-8916
-9118
-8667
-9165
-9027
-8908
-8473
-9167
-8898
-8728
-9395
-8975
-9580
-9140
-9014
-8933
-9440
-8463
-9503
-9391
-9485
-9023
-9212
-9196
-9524
-9561
-8838
-9381
-9669
-9705
-9669
-9158
-8896
-9107
-9921
-9536
-9562
-9247
-8811
-9320
-9135
-9789
-9386
-9343
-8598
-9341
-9162
-10177
-9406
-9124
-8516
-9119
-9697
-9649
-9198
-8783
-8663
-9386
-9263
-9797
-9063
-8792
-8121
-8842
-9249
-9656
-9259
-8595
-8845
-8643
-9266
-8977
-9098
-8585
-8657
-8340
-9130
-8939
-9161
-8630
-8024
-8646
-8510
-9454
-9032
-8855
-8173
-8581
-8824
-9434
-9199
-8681
-8210
-8918
-8751
-9182
-8912
-8942
-8245
-8478
-8884
-9444
-9184
-8803
-8380
-8640
-9093
-9227
-8970
-8841
-9262
-8932
-9296
-8951
-9149
-8749
-9457
-8789
-9371
-9053
-9209
-8938
-9260
-9081
-9355
-9001
-8794
-9222
-9469
-8770
-8864
-8683
-9284
-9616
-9368
-8743
-8578
-9234
-9347
-9284
-9109
-9052
-8888
-9430
-9121
-9533
-8828
-9456
-8841
-9694
-9224
-9022
-9066
-8555
-9123
-8851
-9389
-8983
-9264
-8971
-8764
-9235
-9009
-9259
-8806
-9179
-8627
-9081
-9062
-8805
-8885
-8700
-8768
-8722
-9249
-9004
-9079
-8656
-8809
-8785
-9422
-9027
-9025
-9016
-8832
-8893
-8761
-9009
-9049
-9068
-8797
-8534
-8899
-9192
-9194
-9073
-8951
-8672
-8932
-9160
-9079
-9182
-8945
-8904
-8802
-9152
-9061
-9150
-8589
-8542
-8646
-8860
-9254
-8974
-8900
-8537
-8533
-8469
-8978
-8950
-9405
-8711
-8770
-8499
-9155
-8578
-9261
-8318
-8405
-8637
-9382
-9384
-8761
-8618
-8182
-9163
-9431
-8861
-8846
-8587
-8958
-8991
-8646
-8949
-8950
-8970
-8447
-9270
-9006
-9470
-8730
-8685
-8571
-9109
-9174
-9392
-9097
-9312
-8710
-8883
-9022
-9359
-9883
-9121
-8954
-8577
-9309
-9421
-9797
-9141
-8627
-9018
-9349
-9663
-9588
-9101
-8925
-8858
-9339
-9442
-9923
-9240
-8844
-8990
-9108
-9721
-9537
-9554
-8833
-9450
-9317
-9300
-9561
-9571
-8913
-9695
-8820
-9447
-9378
-9576
-8627
-8649
-9210
-9329
-9357
-9348
-8902
-8585
-9189
-9345
-9207
-9142
-8901
-8602
-8963
-8792
-9164
-9171
-8780
-8072
-9138
-8956
-9490
-8925
-8830
-8233
-9273
-8804
-9324
-9188
-8725
-8345
-8540
-9075
-9361
-9290
-8488
-8603
-8402
-9245
-8985
-8885
-8918
-8417
-8791
-8880
-8894
-9298
-8634
-8900
-8599
-9334
-9250
-9296
-8478
-8466
-8753
-8711
-9524
-9325
-8946
-8561
-8735
-9409
-9134
-9322
-8724
-8869
-8626
-9084
-9227
-8994
-9360
-8607
-9105
-8863
-9815
-9381
-8908
-8549
-8913
-9491
-9642
-9432
-9050
-9119
-9174
-9162
-9280
-9755
-9010
-8983
-9006
-8586
-9727
-9472
-9416
-9043
-8792
-9190
-9195
-9564
-9151
-9026
-8732
-8946
-9123
-9248
-9507
-9152
-8939
-8529
-9097
-8749
-9708
-8806
-8705
-8441
-9121
-9005
-9203
-8916
-8640
-8785
-8535
-8903
-9287
-8932
-8735
-8233
-8859
-9060
-9573
-8931
-8669
-8398
-9128
-8698
-9629
-8937
-8776
-8612
-8820
-9072
-8786
-9373
-8424
-8513
-8696
-9469
-9146
-9021
-8506
-8490
-8889
-8817
-8837
-8869
-8714
-8772
-8688
-8687
-8760
-9071
-9219
-8273
-8820
-8588
-8990
-9149
-8839
-8492
-8484
-8468
-8678
-8711
-9446
-8510
-8615
-8448
-8939
-8874
-9183
-8382
-8454
-8612
-8755
-8969
-9131
-8872
-8661
-8661
-9044
-8677
-8964
-9082
-8810
-8967
-8768
-9033
-9123
-9254
-8465
-8510
-8983
-9670
-9368
-9152
-8296
-8805
-8960
-9711
-9023
-9416
-9067
-9060
-8883
-9367
-9150
-9670
-9436
-8681
-9418
-9278
-9762
-9143
-9280
-8850
-9881
-9355
-9517
-9486
-9359
-9456
-8995
-9527
-9315
-9516
-9050
-9107
-9111
-9616
-9732
-9273
-9030
-9211
-9220
-9594
-9122
-9020
-9212
-9193
-8993
-9372
-9077
-9346
-8683
-9043
-8551
-8587
-9168
-8895
-9893
-8655
-9239
-8753
-9178
-8456
-9304
-9275
-8863
-8754
-8731
-9426
-9560
-8790
-8604
-8390
-9413
-9580
-9415
-8566
-8463
-8547
-9149
-9496
-9172
-8813
-8451
-8621
-8916
-9850
-8952
-8996
-8389
-8792
-9054
-9728
-8759
-9147
-8657
-8703
-8890
-9403
-9379
-9035
-9089
-8465
-8892
-9295
-9401
-9211
-8830
-8283
-9017
-9279
-9704
-8894
-8409
-8724
-9153
-9548
-9126
-9463
-8626
-9135
-8855
-9515
-9223
-9183
-8956
-8977
-8668
-9181
-9407
-9739
-8937
-9382
-8469
-9450
-8900
-9717
-8973
-9709
-8692
-9217
-9827
-9512
-8768
-8583
-8663
-9392
-9713
-9417
-9017
-8646
-9085
-8875
-9148
-9305
-9121
-8843
-8937
-8727
-9602
-8878
-9187
-8603
-9206
-9032
-9289
-8917
-8728
-9031
-8370
-9285
-8868
-9285
-9040
-9206
-8553
-8784
-9336
-9493
-9223
-8766
-8201
-8912
-8930
-9487
-9027
-8717
-8523
-9098
-9032
-9168
-8987
-8701
-8581
-8763
-8947
-9420
-9202
-8784
-8268
-8775
-8970
-9458
-9285
-8624
-8679
-8482
-9289
-9132
-8978
-8577
-8754
-8552
-9109
-9147
-8942
-8695
-8461
-8148
-9086
-8912
-9255
-8295
-8206
-8727
-8883
-9163
-8838
-8841
-8658
-8549
-8706
-9324
-9093
-9174
-8486
-8501
-8564
-9316
-9177
-9321
-8521
-8494
-8580
-9041
-9484
-9270
-9187
