-878
-897
-1094
-1337
-1342
-1143
-969
-799
-936
-1441
-1339
-1235
-660
-945
-1140
-945
-1262
-1142
-1337
-877
-1249
-981
-1291
-1224
-1139
-860
-896
-895
-1452
-1518
-1334
-617
-534
-962
-1386
-1516
-1089
-614
-816
-997
-1669
-1481
-1502
-1149
-646
-896
-902
-1590
-1258
-1235
-411
-1512
-746
-1637
-1265
-952
-645
-484
-973
-1325
-1294
-1189
-680
-724
-955
-1197
-1191
-1002
-474
-667
-851
-535
-1330
-1115
-1311
-492
-913
-537
-1437
-948
-1260
-396
-1257
-486
-1428
-1363
-1393
-316
-233
-465
-1199
-1314
-1150
-761
-459
-598
-1047
-977
-1075
-700
-528
-775
-1270
-871
-810
-565
-759
-341
-972
-1133
-892
-1128
-325
-468
-868
-1156
-1315
-778
-615
-586
-910
-1259
-966
-1139
-315
-683
-648
-1020
-1062
-964
-784
-316
-915
-575
-1144
-881
-849
-391
-948
-615
-1180
-1054
-800
-279
-333
-710
-1216
-1218
-750
-388
-432
-772
-1150
-1182
-819
-856
-511
-526
-853
-1166
-1212
-870
-433
-625
-984
-1248
-970
-689
-379
-350
-1141
-1114
-1197
-819
-745
-410
-970
-1078
-1160
-915
-684
-383
-919
-783
-1136
-812
-709
-413
-869
-821
-1161
-818
-766
-681
-601
-1133
-1180
-1063
-873
-398
-750
-742
-1622
-1260
-791
-33
-459
-1260
-1452
-1109
-979
-752
-812
-823
-984
-1209
-930
-1086
-453
-790
-1148
-1193
-1392
-968
-595
-604
-1116
-1529
-1155
-1084
-459
-711
-741
-1311
-1362
-883
-1060
-374
-991
-1188
-1337
-1060
-899
-458
-613
-1191
-1364
-1280
-986
-597
-744
-1087
-1409
-1151
-1080
-472
-609
-807
-1374
-1246
-1229
-591
-547
-682
-1083
-1394
-1051
-762
-360
-1009
-1067
-1372
-1045
-957
-452
-887
-1018
-1426
-1329
-722
-606
-578
-1056
-1370
-1121
-1037
-704
-544
-1195
-1168
-1017
-952
-663
-885
-887
-975
-1028
-844
-1068
-600
-1199
-805
-1059
-442
-972
-630
-347
-859
-1020
-1255
-888
-522
-457
-718
-1172
-1195
-935
-729
-756
-681
-1172
-1071
-947
-822
-473
-1237
-860
-1201
-820
-1016
-589
-898
-978
-1175
-1137
-1028
-550
-469
-1019
-1040
-1204
-914
-726
-492
-964
-852
-1158
-984
-633
-438
-898
-842
-1168
-800
-579
-367
-910
-834
-1048
-1016
-905
-412
-629
-664
-1260
-876
-959
-443
-589
-712
-1193
-961
-905
-407
-647
-558
-789
-996
-1077
-887
-194
-914
-907
-1299
-1066
-702
-186
-532
-873
-1414
-1050
-906
11
-241
-892
-1382
-1415
-482
-38
-79
-1136
-1329
-1394
-469
-1048
-150
-1165
-554
-1356
-720
-838
-290
-627
-932
-1271
-878
-720
-310
-426
-985
-1111
-1094
-706
-22
-465
-692
-1446
-1221
-983
-466
-153
-1047
-742
-1481
-557
-891
-318
-919
-1087
-1286
-581
-906
-391
-862
-1033
-1433
-1254
-940
-485
-267
-1085
-1516
-1382
-912
-668
-89
-1457
-1469
-1487
-680
-976
-336
-1132
-928
-1456
-1222
-710
-380
-774
-1383
-1528
-1234
-706
-270
-579
-1099
-1587
-1029
-849
222
-898
-1076
-1560
-1194
-459
-386
-614
-1400
-1155
-1222
-885
-628
-628
-1007
-1106
-1367
-1220
-1024
-252
-1091
-993
-1525
-1335
-695
-668
-522
-1198
-1474
-1299
-633
-499
-757
-1224
-1399
-1196
-627
-1108
-834
-1036
-1041
-1067
-991
-1055
-885
-854
-1125
-1187
-1072
-1027
-601
-868
-917
-1434
-1153
-1111
-973
-656
-1012
-1061
-1236
-1095
-792
-696
-915
-1089
-1108
-1201
-691
-611
-1157
-1068
-1148
-1147
-656
-620
-699
-669
-1556
-1092
-1064
-181
-521
-842
-1295
-1318
-988
-681
-419
-1312
-1216
-1434
-893
-820
-718
-1242
-1197
-1291
-984
-1015
-738
-1036
-1246
-1247
-1330
-941
-546
-646
-1025
-1519
-1434
-743
-691
-579
-1162
-1204
-1262
-1050
-976
-694
-954
-1057
-1428
-844
-1391
-525
-1267
-1044
-1343
-769
-805
-723
-511
-1252
-1263
-1279
-1315
-739
-642
-905
-1381
-1398
-1109
-609
-462
-835
-989
-1467
-1140
-884
-424
-775
-1177
-1415
-772
-625
-443
-817
-1261
-1226
-1200
-524
-709
-596
-1481
-1117
-1037
-485
-309
-738
-1113
-1406
-808
-851
-852
-919
-835
-936
-839
-985
-1050
-605
-1101
-644
-1090
-627
-847
-457
-435
-1015
-1113
-1045
-561
-576
-661
-1024
-1175
-681
-822
-472
-643
-922
-684
-1040
-530
-995
-451
-1231
-570
-1150
-507
-718
-418
-1096
-1029
-861
-996
-491
-584
-663
-1006
-1225
-595
-783
-355
-774
-730
-1315
-732
-818
-675
-492
-886
-891
-848
-728
-513
-392
-1005
-1088
-1137
-698
-427
-242
-648
-964
-1199
-877
-636
-388
-548
-1026
-1122
-1016
-644
-762
-457
-1068
-978
-1085
-621
-642
-258
-1063
-968
-1352
-620
-761
-475
-971
-938
-1026
-1232
-664
-443
-298
-1171
-1072
-1265
-730
-676
-511
-972
-1480
-1189
-932
-828
-544
-841
-914
-1461
-768
-941
-476
-1131
-1076
-1265
-905
-646
-501
-519
-1101
-1042
-1205
-873
-735
-565
-929
-1121
-1271
-950
-490
-519
-857
-1122
-1289
-774
-627
-534
-995
-1148
-1393
-729
-987
-389
-1305
-964
-1357
-1347
-977
-879
-454
-1319
-1409
-1302
-883
-488
-482
-1380
-1358
-1341
-676
-1093
-403
-1421
-545
-1320
-625
-1118
-483
-1266
-1195
-1226
-961
-678
-349
-741
-972
-1106
-1043
-808
-737
-873
-869
-1214
-923
-991
-327
-828
-952
-985
-1038
-699
-904
-790
-1129
-1319
-856
-591
-719
-847
-863
-832
-916
-987
-1144
-693
-586
-793
-878
-1128
-1094
-753
-518
-802
-1083
-1209
-825
-658
-603
-856
-1274
-1007
-860
-477
-604
-943
-1085
-1147
-1064
-818
-412
-734
-982
-1277
-1004
-839
-323
-758
-998
-1186
-1076
-864
-937
-728
-946
-985
-932
-1214
-968
-780
-927
-924
-1105
-842
-776
-610
-544
-1165
-1084
-1186
-855
-817
-626
-906
-1037
-1130
-1182
-1005
-618
-670
-1238
-1349
-1148
-589
-401
-789
-1281
-1454
-920
-890
-525
-942
-1318
-1246
-1320
-545
-580
-656
-1150
-1290
-1140
-710
-427
-897
-1096
-1743
-1150
-889
-1018
-692
-1177
-1277
-1281
-652
-959
-742
-1051
-1245
-1186
-962
-673
-870
-632
-1097
-1087
-1326
-851
-996
-515
-1269
-1138
-1375
-921
-968
-546
-1208
-1102
-1266
-1001
-754
-569
-1211
-1015
-1323
-978
-757
-486
-1096
-1205
-1265
-1259
-914
-482
-783
-984
-1465
-1236
-870
-684
-422
-1452
-1160
-1241
-759
-697
-838
-1092
-1384
-982
-1095
-772
-790
-806
-1156
-1394
-974
-852
-633
-758
-1293
-1350
-1014
-724
-635
-687
-1293
-1466
-1072
-762
-1021
-531
-1214
-1129
-1159
-640
-839
-745
-776
-1223
-1073
-986
-849
-772
-1019
-1163
-874
-1099
-757
-526
-924
-957
-1239
-1043
-845
-581
-821
-933
-946
-1080
-768
-819
-869
-986
-1192
-811
-826
-688
-990
-906
-884
-696
-913
-962
-919
-442
-939
-874
-1104
-999
-813
-513
-921
-803
-1220
-752
-835
-495
-1127
-947
-1280
-680
-846
-556
-1217
-967
-956
-754
-810
-797
-922
-781
-1082
-1116
-1021
-53
-530
-860
-1187
-1434
-572
-472
-403
-1058
-1069
-1227
-768
-1070
-558
-817
-692
-1023
-639
-1148
-732
-919
-876
-895
-754
-1058
-731
-514
-691
-1030
-1196
-1086
-267
-443
-761
-1401
-1168
-879
-439
-469
-945
-1126
-1162
-833
-465
-517
-937
-1097
-1225
-526
-815
-429
-806
-838
-1113
-1195
-573
-275
-358
-1015
-1312
-1237
-448
-195
-319
-1319
-1380
-1186
-270
-704
-600
-1224
-1214
-746
-821
-689
-576
-912
-710
-1004
-530
-645
-274
-431
-961
-783
-1006
-606
-589
-762
-1089
-1278
-754
-627
-689
-621
-1173
-1016
-819
-759
-564
-527
-1242
-1162
-1153
-464
-634
-527
-592
-1234
-1077
-970
-639
-554
-528
-1175
-952
-1166
-608
-589
-667
-955
-1208
-1168
-672
-686
-563
-1092
-876
-1035
-655
-622
-564
-1273
-1029
-937
-1201
-589
-627
-558
-986
-985
-1115
-605
-748
-678
-1039
-898
-1167
-619
-863
-680
-1148
-1135
-1134
-667
-772
-562
-1308
-1282
-1322
-752
-490
-616
-431
-1426
-885
-1188
-750
-586
-812
-879
-1064
-929
-932
-751
-666
-1121
-927
-1010
-914
-690
-754
-983
-1513
-1066
-793
-696
-282
-1327
-1105
-1291
-1248
-672
-732
-524
-1149
-869
-1226
-699
-751
-468
-1276
-1417
-1171
-752
-753
-620
-1140
-1249
-1221
-608
-422
-488
-1222
-1279
-1035
-699
-690
-736
-568
-1187
-1154
-1322
-490
-459
-382
-1439
-1232
-1332
-521
-291
-646
-1152
-985
-1037
-725
-976
-735
-1119
-1075
-1168
-522
-565
-533
-1036
-1231
-1259
-1190
-678
-359
-706
-1089
-1265
-1147
-607
-264
-656
-1212
-1053
-1226
-539
-741
-440
-1376
-1104
-1415
-312
-815
-364
-1585
-1327
-1133
-553
-612
-594
-911
-1166
-1308
-796
-695
-356
-1002
-1238
-1474
-812
-597
-450
-974
-1105
-1158
-810
-535
-673
-766
-1361
-1056
-1071
-363
-789
-588
-1456
-1118
-992
-1072
-514
-583
-629
-1389
-1163
-1172
-444
-631
-789
-1238
-899
-965
-627
-557
-756
-1268
-1371
-1055
-994
-671
-751
-799
-990
-983
-606
-996
-745
-654
-803
-793
-1073
-785
-730
-571
-1037
-1044
-1041
-616
-375
-609
-1116
-847
-889
-764
-765
-819
-876
-1163
-1026
-732
-639
-792
-1085
-1175
-1045
-1043
-606
-390
-814
-1128
-1186
-870
-632
-600
-625
-1315
-1443
-1180
-293
-919
-570
-1494
-1165
-1202
-408
-616
-634
-1303
-1080
-986
-443
-548
-471
-468
-1343
-1489
-1130
-497
-299
-685
-1187
-1123
-1165
-451
-328
-615
-1312
-1284
-1313
-344
-670
-415
-1423
-958
-1102
-462
-577
-457
-1382
-1157
-1142
-947
-729
-309
-871
-1121
-1286
-1129
-540
-506
-498
-1443
-1324
-1075
-495
-513
-549
-1384
-1330
-1283
-275
-535
-537
-1513
-1218
-1082
-1163
-484
-419
-826
-1281
-1419
-821
-568
-591
-595
-1361
-1362
-1025
-489
-415
-950
-1155
-1558
-1073
-640
-635
-854
-1045
-1421
-978
-522
-600
-978
-658
-1278
-1040
-994
-672
-888
-756
-1281
-954
-973
-701
-780
-695
-1297
-1210
-971
-719
-737
-1046
-1209
-1214
-806
-1024
-767
-1064
-1275
-1180
-802
-984
-843
-1058
-779
-1099
-1020
-1035
-829
-1216
-649
-1145
-987
-1208
-824
-400
-569
-1102
-1547
-1224
-813
-348
-737
-866
-1528
-995
-1254
-750
-887
-982
-1114
-834
-1147
-713
-882
-829
-1250
-1429
-1300
-582
-607
-540
-1566
-1374
-1346
-449
-612
-659
-1336
-1596
-1222
-534
-429
-611
-1502
-1566
-1235
-1208
-403
-680
-697
-1487
-841
-1127
-721
-723
-992
-1111
-1336
-1004
-807
-906
-818
-1306
-1083
-1261
-506
-949
-562
-1543
-1155
-1361
-368
-704
-545
-699
-1420
-1220
-1227
-368
-587
-538
-1660
-1116
-1360
-312
-891
-513
-1487
-1513
-1310
-642
-515
-670
-1304
-1550
-1099
-623
-320
-693
-1212
-1323
-1195
-956
-617
-817
-502
-1388
-888
-1297
-462
-518
-713
-1161
-776
-1106
-589
-634
-465
-1227
-1021
-869
-577
-566
-751
-1192
-1428
-702
-725
-447
-650
-877
-1111
-783
-893
-459
-716
-871
-1123
-1099
-786
-564
-635
-733
-1173
-1002
-760
-759
-511
-537
-1112
-1085
-992
-620
-487
-408
-864
-1192
-1021
-566
-486
-760
-707
-1151
-1234
-744
-562
-747
-576
-1116
-676
-1044
-439
-413
-387
-1219
-1163
-1119
-706
-402
-559
-932
-1140
-865
-594
-553
-448
-821
-1062
-885
-908
-474
-390
-823
-1077
-972
-951
-650
-568
-818
-1137
-1184
-958
-624
-517
-798
-1128
-1345
-815
-572
-445
-1003
-1127
-1317
-1025
-888
-532
-563
-835
-1332
-770
-885
-373
-975
-730
-1440
-1242
-1125
-449
-647
-909
-1484
-1263
-809
-767
-637
-884
-1301
-1197
-1197
-458
-755
-510
-778
-1441
-1160
-1241
-260
-745
-725
-1634
-771
-985
-447
-264
-883
-1349
-1658
-879
-717
-346
-825
-1093
-1553
-942
-735
-382
-819
-651
-1479
-761
-1069
-571
-1210
-768
-1234
-955
-1027
-799
-851
-989
-1114
-1451
-793
-712
-647
-942
-1229
-1169
-758
-538
-692
-1087
-1280
-1136
-723
-899
-800
-1026
-666
-1227
-723
-1201
-628
-529
-762
-1313
-738
-1008
-631
-355
-1082
-1191
-1335
-623
-527
-595
-1056
-1201
-1348
-847
-624
-633
-671
-1076
-1239
-1085
-646
-658
-729
-1168
-1301
-1204
-604
-587
-330
-1200
-1366
-895
-736
-487
-900
-955
-1537
-1073
-1059
-332
-687
-890
-1523
-1141
-1066
-1057
-639
-965
-513
-1127
-922
-1123
-601
-1163
-383
-1140
-741
-1143
-672
-595
-617
-952
-1311
-851
-875
-694
-665
-1012
-1127
-1141
-952
-768
-508
-948
-1240
-1114
-1067
-544
-779
-722
-1308
-916
-810
-786
-902
-801
-1156
-1091
-993
-736
-591
-648
-1404
-1319
-802
-839
-593
-896
-1508
-1131
-1124
-946
-707
-721
-543
-1361
-939
-1253
-490
-1166
-606
-1258
-1011
-972
-736
-387
-759
-1188
-1464
-913
-810
-681
-621
-1443
-1096
-1254
-467
-696
-587
-792
-1241
-1271
-1205
-517
-1006
-536
-1540
-1007
-1327
-432
-835
-470
-1451
-1373
-1408
-756
-610
-332
-1420
-1288
-1501
-732
-568
-638
-1081
-1460
-907
-1043
-577
-945
-829
-1290
-573
-1161
-594
-866
-616
-1464
-776
-1261
-498
-670
-962
-1536
-1283
-811
-696
-672
-781
-1340
-1251
-1162
-667
-660
-929
-789
-1407
-881
-943
-659
-798
-1063
-1303
-537
-750
-800
-1065
-982
-1206
-1278
-1081
-662
-820
-1003
-1175
-1232
-851
-835
-737
-964
-1516
-1283
-1119
-1044
-828
-621
-996
-1090
-878
-1056
-936
-1147
-738
-1130
-864
-1063
-961
-744
-932
-1054
-1335
-985
-807
-826
-775
-1212
-1353
-1143
-756
-734
-892
-769
-1530
-864
-1300
-722
-901
-1076
-1404
-1187
-1056
-738
-693
-1169
-1303
-1086
-782
-1011
-980
-1024
-1262
-1174
-1186
-676
-933
-680
-1514
-1297
-1287
-923
-774
-711
-1108
-1280
-1373
-749
-793
-479
-1104
-1304
-1022
-912
-634
-1023
-1086
-1293
-994
-845
-749
-1043
-1100
-1482
-1006
-679
-1291
-776
-1024
-433
-1360
-880
-1103
-677
-920
-988
-1096
-1224
-664
-749
-593
-760
-1233
-1116
-1185
-529
-739
-823
-1047
-1149
-700
-721
-582
-692
-922
-1105
-1178
-654
-692
-600
-739
-1179
-752
-1060
-549
-607
-405
-1236
-1091
-961
-592
-395
-853
-882
-1318
-1007
-703
-508
-790
-804
-1201
-860
-838
-496
-893
-646
-1080
-343
-958
-626
-559
-1010
-785
-559
-624
-655
-312
-635
-869
67
-167
105
-155
72
-239
219
-186
-232
-147
-346
114
89
268
-176
-327
-358
-31
99
199
-101
-377
-315
-121
35
220
-248
-173
-554
157
-112
528
-341
-360
-660
-74
37
251
76
-485
-726
-470
-130
634
102
-477
-1154
-564
76
219
195
-653
-697
-595
-110
10
308
-653
-635
-854
-172
-44
343
-614
-858
-947
-771
-40
308
-71
-876
-946
-967
-120
408
-84
-930
-1198
-894
122
-264
-18
-1481
-1019
-1092
-87
-208
-158
-1367
-1142
-1086
-224
-171
-356
-238
-1314
-770
-1038
-293
-592
-351
-1208
-1252
-1122
-521
-328
-572
-1390
-1262
-1274
-392
-617
-631
-1679
-1447
-1232
-520
-642
-1057
-1379
-1384
-1305
-1435
-957
-843
-608
-1355
-1451
-1528
-891
-854
-733
-1479
-1402
-1398
-888
-977
-887
-1487
-1380
-1430
-876
-1071
-950
-1570
-1329
-1580
-873
-1093
-976
-633
-1483
-1431
-1525
-1170
-924
-849
-1274
-1615
-1466
-1190
-958
-660
-1460
-1531
-1645
-1203
-893
-707
-1449
-1703
-1753
-1231
-945
-944
-595
-1587
-1565
-1676
-1172
-554
-700
-1226
-1553
-1579
-1028
-765
-465
-1275
-1231
-1483
-1060
-655
-505
-1028
-1401
-1236
-1495
-760
-708
-951
-1234
-1422
-1340
-923
-449
-830
-900
-1533
-1177
-1108
-509
-776
-910
-1578
-1413
-701
-1183
-275
-1267
-713
-1485
-431
-942
-336
-858
-643
-1282
-739
-1034
-246
-328
-673
-1367
-1068
-712
-426
-521
-770
-1042
-697
-951
-413
-572
-957
-967
-1066
-804
-613
-604
-861
-976
-946
-932
-711
-627
-820
-880
-869
-1276
-715
-595
-119
-814
-843
-1003
-715
-397
-250
-734
-1238
-1005
-523
-568
-51
-810
-856
-959
-732
-455
-240
-575
-828
-1166
-663
-590
-269
-140
-1075
-1190
-1241
-508
-207
-348
-1142
-1457
-1245
-621
-249
-481
-1128
-831
-1122
-849
-772
-427
-1116
-1033
-1302
-703
-733
-507
-776
-998
-1144
-1138
-797
-369
-444
-735
-809
-1299
-923
-642
-504
-713
-886
-1310
-1038
-883
-593
-771
-1109
-1357
-1027
-1052
-451
-1178
-1154
-1643
-933
-838
-407
-316
-1231
-1764
-1501
-937
-295
-286
-1171
-1445
-1484
-882
-766
-536
-908
-1188
-1347
-893
-1231
-551
-1069
-752
-1700
-992
-1260
-487
-443
-1013
-1485
-1597
-1108
-366
-580
-998
-1520
-1576
-1164
-730
-456
-989
-957
-1525
-1062
-1167
-627
-656
-1070
-1301
-1147
-1016
-498
-923
-900
-1355
-1474
-1128
-576
-321
-894
-1217
-1731
-911
-580
-387
-1001
-1442
-1490
-1198
-1186
-632
-687
-1069
-1494
-1187
-1088
-440
-819
-1168
-1433
-921
-854
-543
-460
-948
-1190
-1178
-1176
-630
-445
-612
-1171
-1196
-1154
-437
-371
-643
-777
-1409
-908
-911
-314
-765
-1066
-1239
-1171
-653
-571
-721
-1087
-1401
-1045
-933
-519
-662
-1147
-1345
-1193
-954
-611
-607
-795
-1106
-1104
-972
-1070
-490
-768
-549
-1071
-850
-899
-327
-801
-576
-982
-714
-846
-469
-398
-688
-813
-907
-827
-487
-576
-472
-778
-947
-909
-462
-520
-619
-735
-1066
-938
-871
-694
-706
-1024
-1055
-1163
-1101
-743
-665
-859
-1217
-1208
-1162
-711
-517
-618
-888
-1083
-1280
-699
-613
-416
-818
-1146
-1246
-1056
-475
-348
-668
-1273
-1295
-837
-299
-560
-591
-1415
-835
-1313
-359
-226
-709
-1471
-1598
-1085
-299
-272
-940
-1386
-1510
-1185
-1158
-400
-981
-687
-1434
-1162
-1140
-361
-777
-587
-1389
-1258
-1177
-369
-551
-602
-1378
-1274
-1331
-456
-558
-638
-1292
-1417
-1069
-722
-478
-1034
-702
-1307
-1291
-1189
-752
-804
-672
-1251
-1125
-1320
-738
-883
-846
-1391
-1321
-1334
-600
-638
-719
-1772
-1312
-1324
-674
-521
-1198
-1253
-1352
-897
-1345
-819
-915
-972
-1264
-1119
-1249
-716
-1250
-823
-1293
-1098
-1154
-778
-675
-1161
-1152
-1376
-1004
-947
-798
-873
-1088
-1190
-1416
-998
-832
-680
-1139
-1242
-1276
-1114
-670
-809
-913
-1283
-1188
-1336
-795
-818
-700
-1141
-1261
-1278
-797
-657
-773
-1148
-1299
-1241
-955
-607
-677
-1179
-1270
-1089
-1111
-618
-952
-757
-1109
-1114
-987
-791
-652
-929
-1016
-1259
-1175
-695
-726
-723
-1136
-1126
-1219
-567
-473
-839
-1149
-1140
-1062
-589
-552
-768
-656
-1029
-1255
-1031
-592
-438
-693
-1047
-1181
-1037
-512
-272
-643
-898
-946
-957
-712
-629
-606
-1144
-811
-1239
-329
-548
-403
-1071
-926
-1044
-989
-501
-273
-513
-1010
-1273
-1135
-234
-286
-261
-1111
-1126
-1003
-386
-332
-552
-1015
-963
-971
-271
-539
-407
-1245
-771
-1213
-979
-500
-271
-273
-1059
-961
-1333
-343
-409
-468
-954
-1276
-1182
-440
-481
-500
-1007
-930
-908
-422
-558
-430
-817
-895
-1321
-366
-606
-222
-714
-1001
-1233
-976
-455
-586
-563
-1097
-1211
-975
-574
-547
-559
-1016
-1182
-1234
-379
-562
-558
-1161
-1083
-924
-322
-402
-720
-1091
-1259
-1059
-1188
-378
-571
-472
-1239
-1246
-1073
-421
-512
-773
-1127
-1342
-874
-439
-617
-717
-1204
-1033
-864
-509
-577
-745
-1267
-1081
-1028
-332
-539
-642
-609
-1065
-1246
-1070
-651
-396
-818
-1085
-1293
-989
-579
-287
-890
-1134
-967
-884
-635
-790
-896
-1228
-983
-1257
-554
-799
-463
-1246
-1106
-1366
-1340
-504
-659
-818
-1157
-1304
-974
-766
-546
-728
-1068
-1463
-1353
-657
-805
-443
-1096
-1003
-1555
-760
-820
-388
-1127
-1050
-1528
-780
-790
-507
-677
-1111
-1427
-1346
-588
-707
-571
-1235
-1415
-1162
-757
-433
-747
-1112
-968
-1249
-616
-903
-761
-1238
-1028
-1311
-678
-793
-782
-1049
-978
-1174
-1304
-951
-841
-656
-947
-1238
-1267
-944
-630
-715
-878
-1391
-1298
-1037
-685
-754
-840
-1123
-1306
-858
-846
-787
-929
-1095
-1221
-1706
-706
-791
-203
-1246
-1175
-1494
-817
-662
-652
-1017
-1441
-1406
-890
-592
-601
-1044
-1284
-1483
-934
-834
-513
-934
-1078
-1560
-794
-879
-340
-681
-1025
-1437
-1540
-742
-880
-538
-1135
-1209
-1425
-817
-1238
-657
-1158
-1352
-1423
-802
-699
-741
-1253
-1117
-1257
-846
-786
-624
-1264
-1047
-1266
-1270
-880
-622
-876
-1041
-1310
-1266
-793
-701
-848
-1066
-1257
-1142
-862
-794
-698
-1021
-940
-1288
-728
-948
-810
-1068
-983
-1213
-736
-923
-819
-562
-929
-1125
-1225
-878
-987
-518
-927
-834
-1360
-904
-730
-715
-823
-986
-1280
-876
-844
-756
-839
-994
-1175
-968
-924
-847
-787
-813
-1272
-1334
-1014
-868
-202
-963
-1236
-1411
-885
-794
-430
-853
-1049
-1295
-982
-620
-356
-794
-934
-1392
-895
-663
-320
-939
-939
-1251
-777
-667
-464
-567
-989
-1088
-1339
-723
-540
-396
-1024
-1366
-1207
-815
-584
-554
-942
-926
-1090
-931
-870
-738
-682
-823
-1157
-915
-780
-478
-933
-832
-1227
-1178
-900
-757
-630
-774
-1067
-1199
-867
-309
-731
-844
-1461
-1053
-919
-927
-720
-955
-841
-1234
-992
-953
-430
-1084
-641
-1428
-1101
-1016
-588
-672
-712
-1225
-1099
-1074
-633
-720
-603
-1071
-996
-1180
-612
-653
-716
-780
-1163
-1264
-700
-633
-929
-811
-1323
-944
-946
-386
-795
-798
-1437
-985
-715
-376
-770
-938
-1311
-1002
-688
-177
-756
-924
-528
-1058
-734
-982
-601
-1100
-656
-1185
-621
-1044
-673
-907
-685
-1068
-1176
-888
-698
-524
-924
-1234
-1154
-711
-321
-692
-873
-1364
-1030
-723
-973
-732
-865
-893
-1030
-772
-814
-830
-814
-929
-1045
-1245
-748
-647
-722
-828
-1300
-1039
-955
-337
-756
-799
-1496
-1079
-840
-627
-738
-818
-884
-993
-988
-809
-909
-638
-1000
-1083
-1051
-922
-592
-792
-886
-1300
-1368
-601
-612
-666
-948
-1649
-1259
-821
-437
-626
-837
-1515
-1306
-818
-1052
-438
-952
-639
-1229
-915
-1106
-776
-902
-771
-1237
-855
-1151
-629
-412
-842
-1450
-1425
-967
-576
-375
-923
-1109
-1467
-860
-913
-531
-804
-937
-1167
-1107
-687
-585
-647
-738
-1271
-1160
-904
-394
-700
-876
-1565
-1039
-1022
-490
-710
-852
-1312
-1117
-892
-279
-826
-663
-1673
-1093
-1092
-999
-474
-811
-577
-1288
-826
-959
-642
-754
-821
-1252
-1069
-772
-546
-576
-734
-1230
-1123
-1079
-576
-591
-696
-1121
-1220
-958
-672
-595
-761
-896
-1039
-1029
-786
-681
-862
-614
-1239
-681
-1131
-543
-542
-493
-1113
-1311
-981
-702
-547
-619
-1163
-1276
-967
-670
-646
-651
-916
-1310
-957
-951
-631
-560
-882
-1204
-1024
-1032
-704
-564
-876
-1194
-1220
-995
-510
-652
-705
-1094
-1322
-892
-966
-488
-896
-993
-1246
-1085
-651
-576
-763
-798
-1187
-1198
-902
-554
-926
-696
-1382
-909
-1080
-461
-660
-726
-1182
-1245
-830
-1004
-571
-894
-934
-1235
-952
-667
-705
-597
-982
-1144
-1262
-769
-686
-401
-1109
-1136
-1444
-749
-665
-459
-948
-1379
-1352
-1062
-575
-593
-503
-1447
-1214
-1301
-737
-472
-685
-1054
-1452
-982
-1035
-398
-1017
-618
-1547
-847
-1043
-458
-933
-674
-1412
-870
-1002
-478
-454
-679
-1399
-1323
-1101
-352
-557
-630
-1368
-1307
-1089
-385
-589
-624
-245
-1236
-1233
-1317
-595
-574
-606
-1156
-1086
-990
-691
-260
-790
-1229
-1248
-886
-593
-607
-835
-1176
-1192
-978
-587
-709
-433
-1222
-1087
-1394
-704
-526
-481
-655
-1271
-1060
-1210
-492
-447
-576
-1519
-1261
-1138
-436
-325
-949
-1271
-1311
-789
-687
-573
-844
-1285
-1089
-976
-992
-611
-792
-483
-1103
-933
-1052
-658
-884
-418
-1046
-920
-1088
-552
-507
-600
-1034
-1207
-911
-577
-618
-728
-1043
-1233
-784
-664
-717
-675
-731
-1051
-1071
-843
-750
-649
-863
-1098
-1249
-1038
-675
-422
-671
-1214
-1083
-967
-485
-669
-837
-1512
-1246
-1053
-527
-584
-815
-1128
-1301
-947
-1164
-606
-627
-775
-1295
-1139
-1093
-693
-705
-791
-1109
-1460
-1011
-737
-678
-774
-1053
-1247
-1031
-575
-836
-615
-1171
-1229
-1208
-629
-511
-750
-779
-1401
-1148
-896
-800
-429
-1090
-1209
-1372
-1155
-739
-482
-803
-1467
-1375
-1155
-736
-564
-968
-1361
-1370
-1180
-878
-672
-842
-1529
-1314
-1351
-975
-852
-689
-705
-1237
-1493
-1127
-766
-312
-879
-1389
-1467
-1185
-632
-783
-691
-1398
-1275
-1330
-546
-778
-816
-1313
-1325
-1032
-884
-801
-1034
-628
-1228
-941
-1321
-1045
-765
-594
-1084
-1388
-1500
-750
-714
-303
-1374
-1127
-1540
-620
-725
-499
-1447
-1380
-1288
-600
-714
-677
-1265
-1319
-1101
-1489
-748
-999
-402
-1201
-988
-1488
-804
-696
-692
-1045
-1267
-1042
-924
-764
-916
-1175
-1092
-926
-852
-895
-957
-1164
-985
-832
-1084
-929
-679
-813
-916
-1108
-911
-892
-333
-831
-1030
-1415
-1155
-672
-939
-514
-1240
-1011
-1223
-516
-705
-585
-1201
-999
-1220
-678
-767
-610
-586
-1010
-879
-1024
-775
-596
-606
-929
-917
-853
-826
-612
-580
-880
-930
-944
-717
-731
-462
-796
-955
-1180
-747
-721
-625
-806
-951
-856
-975
-759
-666
-444
-1084
-925
-1195
-678
-564
-243
-1146
-941
-1317
-698
-498
-546
-993
-1144
-1181
-691
-716
-396
-1212
-1164
-1069
-626
-531
-833
-371
-1084
-1075
-912
-880
-663
-666
-917
-1212
-1240
-726
-368
-159
-1261
-928
-1481
-680
-559
-350
-811
-1256
-1140
-827
-747
-608
-800
-896
-1418
-1070
-980
-234
-614
-937
-1670
-1158
-892
-419
-359
-1192
-1391
-1411
-745
-691
-434
-959
-1107
-1213
-1196
-832
-329
-1182
-951
-1594
-1009
-954
-56
-818
-929
-1583
-1212
-696
-148
-419
-1264
-1348
-1449
-594
-257
-512
-1079
-916
-1096
-938
-933
-504
-1182
-1120
-1346
-576
-670
-427
-1098
-1113
-1443
-1095
-812
-406
-546
-1117
-1411
-1387
-680
-503
-511
-1068
-1044
-1364
-792
-854
-462
-1196
-906
-1149
-989
-930
-418
-1130
-945
-1115
-1315
-828
-541
-571
-956
-1073
-1206
-820
-375
-734
-957
-1276
-1165
-822
-979
-692
-1012
-982
-1171
-935
-956
-761
-905
-939
-1042
-941
-1059
-743
-434
-861
-1140
-1180
-1022
-562
-435
-931
-1169
-1156
-978
-423
-487
-913
-799
-1279
-772
-937
-506
-965
-1069
-1229
-875
-919
-628
-837
-984
-1228
-1104
-925
-658
-515
-900
-1238
-1226
-948
-393
-618
-816
-1384
-1277
-1014
-721
-247
-949
-887
-1363
-806
-799
-274
-995
-930
-1596
-662
-982
-334
-565
-850
-1339
-1277
-886
-405
-359
-1034
-1366
-1325
-944
-64
-488
-848
-996
-1293
-1177
-771
-576
-580
-1253
-1287
-1099
-860
-239
-789
-843
-1627
-1241
-965
-174
-428
-860
-1418
-1321
-1004
-592
-471
-723
-1165
-1200
-1285
-577
-604
-633
-1167
-1339
-1028
-918
-397
-941
-1002
-1240
-1204
-767
-680
-319
-1144
-1200
-1498
-839
-744
-479
-972
-1072
-1228
-914
-930
-622
-838
-1303
-1056
-1104
-701
-676
-564
-1158
-1082
-1039
-797
-643
-779
-1071
-1131
-1289
-791
-678
-484
-1069
-1203
-1299
-798
-768
-479
-1044
-1130
-1368
-852
-1004
-402
-1106
-892
-1403
-915
-956
-581
-935
-866
-1182
-1122
-1174
-628
-660
-674
-1102
-1226
-1148
-639
-451
-906
-933
-1343
-869
-1035
-583
-822
-815
-1102
-1152
-952
-647
-559
-978
-1183
-951
-1019
-544
-548
-835
-1206
-1243
-1050
-628
-510
-892
-930
-1286
-977
-727
-673
-752
-794
-1126
-1230
-833
-681
-738
-996
-1414
-849
-981
-274
-995
-737
-1351
-1282
-986
-326
-427
-1012
-1401
-1414
-822
-464
-613
-811
-1365
-1086
-1238
-934
-678
-642
-983
-1201
-1336
-916
-624
-766
-1010
-1268
-1179
-1103
-381
-569
-770
-1454
-1322
-1191
-603
-537
-709
-1183
-1279
-1052
-599
-392
-941
-605
-1439
-990
-1326
-297
-1228
-536
-1391
-796
-1118
-482
-751
-913
-1262
-1340
-915
-652
-573
-749
-1136
-1208
-1109
-648
-519
-756
-1060
-1093
-1323
-949
-659
-279
-891
-1029
-1370
-1272
-599
-664
-602
-1377
-1113
-1267
-401
-669
-519
-1232
-1092
-1339
-588
-565
-747
-1138
-1232
-997
-332
-615
-785
-693
-1137
-1079
-1068
-622
-653
-874
-1098
-1165
-906
-676
-629
-1017
-1151
-1097
-1074
-702
-680
-665
-1219
-1146
-1011
-701
-516
-879
-1073
-1120
-1041
-1104
-660
-640
-832
-1038
-1141
-964
-609
-681
-778
-1058
-1166
-941
-651
-615
-774
-1208
-1097
-1081
-732
-675
-802
-1031
-1137
-982
-1374
-638
-840
-750
-1058
-1162
-968
-681
-891
-831
-1025
-1185
-927
-691
-654
-778
-1311
-1135
-1084
-346
-633
-674
-1375
-1180
-1133
-266
-469
-909
-623
-1256
-914
-1134
-543
-956
-736
-1242
-771
-1085
-622
-536
-985
-1175
-1177
-982
-502
-608
-904
-1455
-1243
-953
-694
-536
-904
-1025
-1172
-1199
-1165
-766
-510
-864
-1052
-1190
-1204
-647
-847
-604
-1195
-961
-1267
-514
-515
-616
-1192
-1214
-1253
-578
-543
-538
-1132
-1205
-1297
-612
-537
-803
-575
-1194
-1210
-1275
-544
-702
-618
-1206
-789
-1365
-476
-652
-550
-1088
-1018
-1043
-543
-484
-859
-1090
-1172
-1001
-559
-472
-586
-1242
-1113
-1141
-1334
-437
-739
-517
-1276
-1008
-1168
-378
-842
-551
-1229
-895
-1205
-516
-418
-466
-1201
-1161
-1266
-278
-547
-396
-1128
-1059
-1247
-626
-561
-455
-727
-1092
-1101
-952
-525
-999
-682
-1027
-1088
-1030
-558
-658
-545
-1119
-1063
-1274
-762
-613
-767
-1153
-1106
-1171
-531
-696
-814
-1094
-978
-1052
-1078
-704
-840
-577
-952
-1273
-1093
-703
-972
-633
-1003
-984
-1314
-725
-724
-706
-783
-1054
-1055
-716
