6.8855
6.9082
6.9082
6.9082
6.9082
6.9082
6.9082
6.9082
6.9082
6.9082
6.9082
6.9309
6.9309
6.9536
6.9764
6.9764
6.9991
7.0218
7.0445
7.0673
7.0900
7.1127
7.1127
7.2036
7.2036
7.2036
7.2263
7.2718
7.3172
7.3172
7.3627
7.4081
7.4536
7.4763
7.4763
7.5672
7.5899
7.6126
7.6808
7.6808
7.7490
7.7944
7.8171
7.8853
7.9308
7.9762
8.0217
8.0898
8.1125
8.1580
8.2034
8.2943
8.3171
8.4080
8.4080
8.4761
8.5443
8.5897
8.6579
8.7261
8.7943
8.8397
8.8852
8.9533
8.9988
9.0669
9.1351
9.2033
9.2715
9.3396
9.4305
9.4760
9.5441
9.6123
9.6805
9.7487
9.8396
9.9077
9.9532
10.0213
10.1122
10.1577
10.2259
10.3168
10.4076
10.4531
10.5213
10.6122
10.6803
10.7712
10.7940
10.8621
10.9303
10.9985
11.0439
11.1348
11.1575
11.2257
11.2939
11.3393
11.3848
11.4302
11.4757
11.5211
11.5666
11.6120
11.6575
11.6802
11.7256
11.7484
11.7711
11.7938
11.8165
11.8392
11.8392
11.8392
11.8620
11.8847
11.8847
11.8847
11.8847
11.8847
11.8847
11.8847
11.8847
11.8847
11.8847
11.8847
11.8847
11.8847
11.8847
11.8847
11.8847
11.8847
11.8847
11.8847
11.8847
11.8847
11.8847
11.8847
11.8847
11.8847
11.8847
11.8847
11.8847
11.8847
11.8847
11.8847
11.8847
11.8847
11.8847
11.8847
11.8847
11.8847
11.8847
11.8847
11.8847
11.8847
11.8847
11.8847
11.8847
11.8847
11.8847
11.8847
11.8847
11.8847
11.8847
11.8847
11.8847
11.8847
11.8847
11.8847
11.8847
11.8847
11.8847
11.8847
11.8847
11.8847
11.8847
11.8847
11.8847
11.8847
11.8847
11.8847
11.8847
11.8847
11.8847
11.8847
11.8847
11.8847
11.8847
11.8847
11.8847
11.8847
11.8847
11.8847
11.8847
11.8847
11.8847
11.8847
11.8847
11.8847
11.8847
11.8847
11.8847
11.8847
11.8847
11.8847
11.8847
11.8847
11.8847
11.8847
11.8847
11.8847
11.8847
11.8847
11.8847
11.8847
11.8847
11.8847
11.8847
11.8847
11.8847
11.8847
11.8847
11.8847
11.8847
11.8847
11.8847
11.8847
11.8847
11.8847
11.8847
11.8847
11.8847
11.8847
11.8847
11.8847
11.8847
11.8847
11.8847
11.8847
11.8847
11.8847
11.8847
11.8847
11.8847
11.8847
11.8847
11.8847
11.8847
11.8847
11.8847
11.8847
11.8847
11.8847
11.8847
11.8847
11.8847
11.8847
11.8847
11.8847
11.8847
11.8847
11.8847
11.8847
11.8847
11.8847
11.8847
11.8847
11.8847
11.8847
11.8847
11.8847
11.8847
11.8847
11.8847
11.8847
11.8847
11.8847
11.8847
11.8847
11.8847
11.8847
11.8847
11.8847
11.8847
11.8847
11.8847
11.8847
11.8847
11.8847
11.8847
11.8847
11.8847
11.8847
11.8847
11.8847
11.8847
11.8847
11.8847
11.8847
11.8847
11.8847
11.8847
11.8847
11.8847
11.8847
11.8847
11.8847
11.8847
11.8847
11.8847
11.8847
11.8847
11.8847
11.8847
11.8847
11.8847
11.8847
11.8847
11.8847
11.8847
11.8847
11.8847
11.8847
11.8847
11.8847
11.8847
11.8847
11.8847
11.8847
11.8847
11.8847
11.8847
11.8847
11.8847
11.8847
11.8847
11.8847
11.8847
11.8847
11.8847
11.8847
11.8847
11.8847
11.8847
11.8847
11.8847
11.8847
11.8847
11.8847
11.8847
11.8847
11.8847
11.8847
11.8847
11.8847
11.8847
11.8847
11.8847
11.8847
11.8847
11.8847
11.8847
11.8847
11.8847
11.8847
11.8847
11.8847
11.8847
11.8847
11.8847
11.8847
11.8847
11.8847
11.8847
11.8847
11.8847
11.8847
11.8847
11.8847
11.8847
11.8847
11.8847
11.8847
11.8847
11.8847
11.8847
11.8847
11.8847
11.8847
11.8847
11.8847
11.8847
11.8847
11.8847
11.8847
11.8847
11.8847
11.8847
11.8847
11.8847
11.8847
11.8847
11.8847
11.8847
11.8847
11.8847
11.8847
11.8847
11.8847
11.8847
11.8847
11.8847
11.8847
11.8847
11.8847
11.8847
11.8847
11.8847
11.8847
11.8847
11.8847
11.8847
11.8847
11.8847
11.8847
11.8847
11.8847
11.8847
11.8847
11.8847
11.8847
11.8847
11.8847
11.8847
11.8847
11.8847
11.8847
11.8847
11.8847
11.8847
11.8847
11.8847
11.8847
11.8847
11.8847
11.8847
11.8847
11.8847
11.8847
11.8847
11.8847
11.8847
11.8847
11.8847
11.8847
11.8847
11.8847
11.8847
11.8847
11.8847
11.8847
11.8847
11.8847
11.8847
11.8847
11.8847
11.8847
11.8847
11.8847
11.8847
11.8847
11.8847
11.8847
11.8847
11.8847
11.8847
11.8847
11.8847
11.8847
11.8847
11.8847
11.8847
11.8847
11.8847
11.8847
11.8847
11.8847
11.8847
11.8847
11.8847
11.8847
11.8847
11.8847
11.8847
11.8847
11.8847
11.8847