6.7946
6.7946
6.7946
6.7946
6.7946
6.7946
6.8173
6.8173
6.8173
6.8627
6.8627
6.9082
6.9309
6.9309
6.9309
6.9309
6.9764
6.9764
6.9991
7.0218
7.0445
7.0673
7.1127
7.1354
7.1809
7.1809
7.2036
7.2263
7.2945
7.3399
7.3627
7.3854
7.4308
7.4763
7.5217
7.5672
7.5899
7.6353
7.7262
7.7262
7.7944
7.8399
7.8853
7.9080
7.9762
8.0217
8.0671
8.1125
8.1807
8.2489
8.2943
8.3625
8.4080
8.4761
8.5443
8.5897
8.6352
8.7261
8.7715
8.8397
8.9079
8.9533
9.0215
9.1124
9.1806
9.2715
9.2942
9.3624
9.4760
9.5214
9.5896
9.6805
9.7487
9.8168
9.9077
9.9532
10.0213
10.1122
10.1804
10.2031
10.3395
10.4304
10.4758
10.5667
10.6349
10.7258
10.7940
10.8394
10.9303
10.9757
11.0666
11.1121
11.1803
11.2484
11.2939
11.3393
11.4075
11.4529
11.4984
11.5666
11.6120
11.6575
11.6802
11.7256
11.7938
11.8392
11.8620
11.8847
11.9074
11.9529
11.9983
11.9983
11.9983
12.0210
12.0438
12.0438
12.0438
12.0665
12.0665
12.0665
12.0665
12.0892
12.0892
12.0892
12.0892
12.0892
12.0892
12.0892
12.0892
12.0892
12.0892
12.0892
12.0892
12.0892
12.0892
12.0892
12.0892
12.0892
12.0892
12.0892
12.0892
12.0892
12.0892
12.0892
12.0892
12.0892
12.0892
12.0892
12.0892
12.0892
12.0892
12.0892
12.0892
12.0892
12.0892
12.0892
12.0892
12.0892
12.0892
12.0892
12.0892
12.0892
12.0892
12.0892
12.0892
12.0892
12.0892
12.0892
12.0892
12.0892
12.0892
12.0892
12.0892
12.0892
12.0892
12.0892
12.0892
12.0892
12.0892
12.0892
12.0892
12.0892
12.0892
12.0892
12.0892
12.0892
12.0892
12.0892
12.0892
12.0892
12.0892
12.0892
12.0892
12.0892
12.0892
12.0892
12.0892
12.0892
12.0892
12.0892
12.0892
12.0892
12.0892
12.0892
12.0892
12.0892
12.0892
12.0892
12.0892
12.0892
12.0892
12.0892
12.0892
12.0892
12.0892
12.0892
12.0892
12.0892
12.0892
12.0892
12.0892
12.0892
12.0892
12.0892
12.0892
12.0892
12.0892
12.0892
12.0892
12.0892
12.0892
12.0892
12.0892
12.0892
12.0892
12.0892
12.0892
12.0892
12.0892
12.0892
12.0892
12.0892
12.0892
12.0892
12.0892
12.0892
12.0892
12.0892
12.0892
12.0892
12.0892
12.0892
12.0892
12.0892
12.0892
12.0892
12.0892
12.0892
12.0892
12.0892
12.0892
12.0892
12.0892
12.0892
12.0892
12.0892
12.0892
12.0892
12.0892
12.0892
12.0892
12.0892
12.0892
12.0892
12.0892
12.0892
12.0892
12.0892
12.0892
12.0892
12.0892
12.0892
12.0892
12.0892
12.0892
12.0892
12.0892
12.0892
12.0892
12.0892
12.0892
12.0892
12.0892
12.0892
12.0892
12.0892
12.0892
12.0892
12.0892
12.0892
12.0892
12.0892
12.0892
12.0892
12.0892
12.0892
12.0892
12.0892
12.0892
12.0892
12.0892
12.0892
12.0892
12.0892
12.0892
12.0892
12.0892
12.0892
12.0892
12.0892
12.0892
12.0892
12.0892
12.0892
12.0892
12.0892
12.0892
12.0892
12.0892
12.0892
12.0892
12.0892
12.0892
12.0892
12.0892
12.0892
12.0892
12.0892
12.0892
12.0892
12.0892
12.0892
12.0892
12.0892
12.0892
12.0892
12.0892
12.0892
12.0892
12.0892
12.0892
12.0892
12.0892
12.0892
12.0892
12.0892
12.0892
12.0892
12.0892
12.0892
12.0892
12.0892
12.0892
12.0892
12.0892
12.0892
12.0892
12.0892
12.0892
12.0892
12.0892
12.0892
12.0892
12.0892
12.0892
12.0892
12.0892
12.0892
12.0892
12.0892
12.0892
12.0892
12.0892
12.0892
12.0892
12.0892
12.0892
12.0892
12.0892
12.0892
12.0892
12.0892
12.0892
12.0892
12.0892
12.0892
12.0892
12.0892
12.0892
12.0892
12.0892
12.0892
12.0892
12.0892
12.0892
12.0892
12.0892
12.0892
12.0892
12.0892
12.0892
12.0892
12.0892
12.0892
12.0892
12.0892
12.0892
12.0892
12.0892
12.0892
12.0892
12.0892
12.0892
12.0892
12.0892
12.0892
12.0892
12.0892
12.0892
12.0892
12.0892
12.0892
12.0892
12.0892
12.0892
12.0892
12.0892
12.0892
12.0892
12.0892
12.0892
12.0892
12.0892
12.0892
12.0892
12.0892
12.0892
12.0892
12.0892
12.0892
12.0892
12.0892
12.0892
12.0892
12.0892
12.0892
12.0892
12.0892
12.0892
12.0892
12.0892
12.0892
12.0892
12.0892
12.0892
12.0892
12.0892
12.0892
12.0892
12.0892
12.0892
12.0892
12.0892
12.0892
12.0892
12.0892
12.0892
12.0892
12.0892
12.0892
12.0892
12.0892
12.0892
12.0892
12.0892
12.0892
12.0892
12.0892
12.0892
12.0892
12.0892
12.0892
12.0892
12.0892
12.0892
12.0892
12.0892
12.0892
12.0892
12.0892