-0.3403
-0.3403
-0.3290
-0.3290
-0.3290
-0.3290
-0.3290
-0.3290
-0.3233
-0.3233
-0.3233
-0.3120
-0.3063
-0.3006
-0.2950
-0.2836
-0.2779
-0.2723
-0.2666
-0.2553
-0.2439
-0.2382
-0.2155
-0.2099
-0.1985
-0.1815
-0.1758
-0.1588
-0.1475
-0.1361
-0.1248
-0.1021
-0.0964
-0.0794
-0.0737
-0.0511
-0.0340
-0.0170
-0.0170
0.0113
0.0284
0.0397
0.0681
0.0737
0.0964
0.1134
0.1305
0.1532
0.1702
0.1872
0.2042
0.2269
0.2439
0.2723
0.2893
0.3176
0.3460
0.3687
0.3914
0.4198
0.4311
0.4424
0.4651
0.4878
0.5162
0.5389
0.5616
0.5899
0.5956
0.6069
0.6183
0.6353
0.6523
0.6750
0.6920
0.7090
0.7147
0.7317
0.7431
0.7487
0.7601
0.7601
0.7658
0.7714
0.7714
0.7771
0.7771
0.7771
0.7771
0.7771
0.7771
0.7771
0.7771
0.7771
0.7771
0.7771
0.7771
0.7771
0.7771
0.7771
0.7771
0.7771
0.7771
0.7771
0.7771
0.7771
0.7771
0.7771
0.7771
0.7771
0.7771
0.7771
0.7771
0.7771
0.7771
0.7771
0.7771
0.7771
0.7771
0.7771
0.7771
0.7771
0.7771
0.7771
0.7771
0.7771
0.7771
0.7771
0.7771
0.7771
0.7771
0.7771
0.7771
0.7771
0.7771
0.7771
0.7771
0.7771
0.7771
0.7771
0.7771
0.7771
0.7771
0.7771
0.7771
0.7771
0.7771
0.7771
0.7771
0.7771
0.7771
0.7771
0.7771
0.7771
0.7771
0.7771
0.7771
0.7771
0.7771
0.7771
0.7771
0.7771
0.7771
0.7771
0.7771
0.7771
0.7771
0.7771
0.7771
0.7771
0.7771
0.7771
0.7771
0.7771
0.7771
0.7771
0.7771
0.7771
0.7771
0.7771
0.7771
0.7771
0.7771
0.7771
0.7771
0.7771
0.7771
0.7771
0.7771
0.7771
0.7771
0.7771
0.7771
0.7771
0.7771
0.7771
0.7771
0.7771
0.7771
0.7771
0.7771
0.7771
0.7771
0.7771
0.7771
0.7771
0.7771
0.7771
0.7771
0.7771
0.7771
0.7771
0.7771
0.7771
0.7771
0.7771
0.7771
0.7771
0.7771
0.7771
0.7771
0.7771
0.7771
0.7771
0.7771
0.7771
0.7771
0.7771
0.7771
0.7771
0.7771
0.7771
0.7771
0.7771
0.7771
0.7771
0.7771
0.7771
0.7771
0.7771
0.7771
0.7771
0.7771
0.7771
0.7771
0.7771
0.7771
0.7771
0.7771
0.7771
0.7771
0.7771
0.7771
0.7771
0.7771
0.7771
0.7771
0.7771
0.7771
0.7771
0.7771
0.7771
0.7771
0.7771
0.7771
0.7771
0.7771
0.7771
0.7771
0.7771
0.7771
0.7771
0.7771
0.7771
0.7771
0.7771
0.7771
0.7771
0.7771
0.7771
0.7771
0.7771
0.7771
0.7771
0.7771
0.7771
0.7771
0.7771
0.7771
0.7771
0.7771
0.7771
0.7771
0.7771
0.7771
0.7771
0.7771
0.7771
0.7771
0.7771
0.7771
0.7771
0.7771
0.7771
0.7771
0.7771
0.7771
0.7771
0.7771
0.7771
0.7771
0.7771
0.7771
0.7771
0.7771
0.7771
0.7771
0.7771
0.7771
0.7771
0.7771
0.7771
0.7771
0.7771
0.7771
0.7771
0.7771
0.7771
0.7771
0.7771
0.7771
0.7771
0.7771
0.7771
0.7771
0.7771
0.7771
0.7771
0.7771
0.7771
0.7771
0.7771
0.7771
0.7771
0.7771
0.7771
0.7771
0.7771
0.7771
0.7771
0.7771
0.7771
0.7771
0.7771
0.7771
0.7771
0.7771
0.7771
0.7771
0.7771
0.7771
0.7771
0.7771
0.7771
0.7771
0.7771
0.7771
0.7771
0.7771
0.7771
0.7771
0.7771
0.7771
0.7771
0.7771
0.7771
0.7771
0.7771
0.7771
0.7771
0.7771
0.7771
0.7771
0.7771
0.7771
0.7771
0.7771
0.7771
0.7771
0.7771
0.7771
0.7771
0.7771
0.7771
0.7771
0.7771
0.7771
0.7771
0.7771
0.7771
0.7771
0.7771
0.7771
0.7771
0.7771
0.7771
0.7771
0.7771
0.7771
0.7771
0.7771
0.7771
0.7771
0.7771
0.7771
0.7771
0.7771
0.7771
0.7771
0.7771
0.7771
0.7771
0.7771
0.7771
0.7771
0.7771
0.7771
0.7771
0.7771
0.7771
0.7771
0.7771
0.7771
0.7771
0.7771
0.7771
0.7771
0.7771
0.7771
0.7771
0.7771
0.7771
0.7771
0.7771
0.7771
0.7771
0.7771
0.7771
0.7771
0.7771
0.7771
0.7771
0.7771
0.7771
0.7771
0.7771
0.7771
0.7771
0.7771
0.7771
0.7771
0.7771
0.7771
0.7771
0.7771
0.7771
0.7771
0.7771
0.7771
0.7771
0.7771
0.7771
0.7771
0.7771
0.7771
0.7771
0.7771
0.7771
0.7771
0.7771
0.7771
0.7771
0.7771
0.7771
0.7771
0.7771
0.7771
0.7771
0.7771
0.7771
0.7771
0.7771
0.7771
0.7771
0.7771
0.7771
0.7771
0.7771
0.7771
0.7771