-0.4368
-0.4368
-0.4368
-0.4368
-0.4368
-0.4368
-0.4311
-0.4311
-0.4311
-0.4254
-0.4254
-0.4198
-0.4141
-0.4084
-0.3971
-0.3971
-0.3914
-0.3800
-0.3800
-0.3687
-0.3630
-0.3517
-0.3403
-0.3403
-0.3233
-0.3176
-0.3006
-0.2950
-0.2836
-0.2723
-0.2553
-0.2439
-0.2326
-0.2099
-0.2042
-0.1815
-0.1645
-0.1532
-0.1361
-0.1191
-0.1078
-0.0794
-0.0681
-0.0511
-0.0340
-0.0170
0.0113
0.0284
0.0454
0.0624
0.0851
0.1078
0.1305
0.1532
0.1702
0.1985
0.2212
0.2439
0.2723
0.2950
0.3233
0.3460
0.3744
0.4027
0.4254
0.4424
0.4538
0.4878
0.5048
0.5332
0.5616
0.5842
0.6069
0.6296
0.6410
0.6523
0.6750
0.6920
0.7090
0.7261
0.7374
0.7487
0.7658
0.7658
0.7658
0.7658
0.7658
0.7658
0.7658
0.7714
0.7714
0.7714
0.7714
0.7714
0.7714
0.7714
0.7714
0.7714
0.7714
0.7714