7.1581
7.1581
7.1581
7.1809
7.1809
7.1809
7.1809
7.1809
7.2036
7.2036
7.2036
7.2036
7.2263
7.2263
7.2490
7.2945
7.2945
7.3172
7.3172
7.3627
7.3627
7.3854
7.4081
7.4308
7.4763
7.4763
7.4990
7.5445
7.6126
7.6126
7.6581
7.7035
7.7262
7.7717
7.8171
7.8399
7.8853
7.9308
7.9762
8.0444
8.0444
8.1125
8.1353
8.2034
8.2489
8.2943
8.3625
8.4080
8.4534
8.4988
8.5670
8.6352
8.7034
8.7488
8.8170
8.8397
8.9079
8.9760
9.0215
9.0897
9.1806
9.2260
9.2942
9.3851
9.4532
9.5214
9.5896
9.6578
9.7487
9.8168
9.8623
9.9532
10.0213
10.1122
10.1804
10.2259
10.3168
10.4076
10.4985
10.5894
10.6349
10.7031
10.7940
10.8621
10.9303
10.9985
11.0666
11.1575
11.2030
11.2712
11.3393
11.3848
11.4529
11.4984
11.5666
11.6347
11.6347
11.6347
11.7711
11.8165
11.8392
11.9074
11.9301
11.9756
11.9983
12.0438
12.0665
12.0892
12.1119
12.1347
12.1574
12.1801
12.2028
12.2255
12.2483
12.2483
12.2483
12.2483
12.2483
12.2483
12.2483
12.2483
12.2483
12.2483
12.2483
12.2483
12.2710
12.2710
12.2710
12.2710
12.2710
12.2710
12.2710
12.2710
12.2710
12.2710
12.2710
12.2710
12.2710
12.2710
12.2710
12.2710
12.2710
12.2710
12.2710
12.2710
12.2710
12.2710
12.2710
12.2710
12.2710
12.2710
12.2710
12.2710
12.2710
12.2710
12.2710
12.2710
12.2710
12.2710
12.2710
12.2710
12.2710
12.2710
12.2710
12.2710
12.2710
12.2710
12.2710
12.2710
12.2710
12.2710
12.2710
12.2710
12.2710
12.2710
12.2710
12.2710
12.2710
12.2710
12.2710
12.2710
12.2710
12.2710
12.2710
12.2710
12.2710
12.2710
12.2710
12.2710
12.2710
12.2710
12.2710
12.2710
12.2710
12.2710
12.2710
12.2710
12.2710
12.2710
12.2710
12.2710
12.2710
12.2710
12.2710
12.2710
12.2710
12.2710
12.2710
12.2710
12.2710
12.2710
12.2710
12.2710
12.2710
12.2710
12.2710
12.2710
12.2710
12.2710
12.2710
12.2710
12.2710
12.2710
12.2710
12.2710
12.2710
12.2710
12.2710
12.2710
12.2710
12.2710
12.2710
12.2710
12.2710
12.2710
12.2710
12.2710
12.2710
12.2710
12.2710
12.2710
12.2710
12.2710
12.2710
12.2710
12.2710
12.2710
12.2710
12.2710
12.2710
12.2710
12.2710
12.2710
12.2710
12.2710
12.2710
12.2710
12.2710
12.2710
12.2710
12.2710
12.2710
12.2710
12.2710
12.2710
12.2710
12.2710
12.2710
12.2710
12.2710
12.2710
12.2710
12.2710
12.2710
12.2710
12.2710
12.2710
12.2710
12.2710
12.2710
12.2710
12.2710
12.2710
12.2710
12.2710
12.2710
12.2710
12.2710
12.2710
12.2710
12.2710
12.2710
12.2710
12.2710
12.2710
12.2710
12.2710
12.2710
12.2710
12.2710
12.2710
12.2710
12.2710
12.2710
12.2710
12.2710
12.2710
12.2710
12.2710
12.2710
12.2710
12.2710
12.2710
12.2710
12.2710
12.2710
12.2710
12.2710
12.2710
12.2710
12.2710
12.2710
12.2710
12.2710
12.2710
12.2710
12.2710
12.2710
12.2710
12.2710
12.2710
12.2710
12.2710
12.2710
12.2710
12.2710
12.2710
12.2710
12.2710
12.2710
12.2710
12.2710
12.2710
12.2710
12.2710
12.2710
12.2710
12.2710
12.2710
12.2710
12.2710
12.2710
12.2710
12.2710
12.2710
12.2710
12.2710
12.2710
12.2710
12.2710
12.2710
12.2710
12.2710
12.2710
12.2710
12.2710
12.2710
12.2710
12.2710
12.2710
12.2710
12.2710
12.2710
12.2710
12.2710
12.2710
12.2710
12.2710
12.2710
12.2710
12.2710
12.2710
12.2710
12.2710
12.2710
12.2710
12.2710
12.2710
12.2710
12.2710
12.2710
12.2710
12.2710
12.2710
12.2710
12.2710
12.2710
12.2710
12.2710
12.2710
12.2710
12.2710
12.2710
12.2710
12.2710
12.2710
12.2710
12.2710
12.2710
12.2710
12.2710
12.2710
12.2710
12.2710
12.2710
12.2710
12.2710
12.2710
12.2710
12.2710
12.2710
12.2710
12.2710
12.2710
12.2710
12.2710
12.2710
12.2710
12.2710
12.2710
12.2710
12.2710
12.2710
12.2710
12.2710
12.2710
12.2710
12.2710
12.2710
12.2710
12.2710
12.2710
12.2710
12.2710
12.2710
12.2710
12.2710
12.2710
12.2710
12.2710
12.2710
12.2710
12.2710
12.2710
12.2710
12.2710
12.2710
12.2710
12.2710
12.2710
12.2710
12.2710
12.2710
12.2710
12.2710
12.2710
12.2710
12.2710
12.2710
12.2710
12.2710
12.2710
12.2710
12.2710
12.2710
12.2710
12.2710
12.2710
12.2710
12.2710
12.2710
12.2710
12.2710
12.2710
12.2710
12.2710
12.2710
12.2710
12.2710
12.2710
12.2710
12.2710
12.2710
12.2710
12.2710
12.2710
12.2710
12.2710
12.2710