7.2036
7.2263
7.2263
7.2490
7.2718
7.2718
7.2718
7.2718
7.2945
7.2945
7.2945
7.2945
7.3172
7.3399
7.3399
7.3399
7.3627
7.3627
7.4308
7.4308
7.4536
7.4763
7.4990
7.5445
7.5672
7.5899
7.6353
7.6808
7.7035
7.7262
7.7717
7.7944
7.8399
7.8626
7.9308
7.9762
7.9989
8.0217
8.0671
8.1125
8.1807
8.2262
8.2489
8.2943
8.3852
8.4307
8.4534
8.5216
8.5670
8.6125
8.6806
8.7261
8.7715
8.8397
8.9079
8.9760
9.0215
9.0897
9.1578
9.2033
9.2942
9.3624
9.4078
9.4760
9.5669
9.6350
9.7032
9.7487
9.8396
9.9077
9.9986
10.0895
10.1350
10.2031
10.2940
10.3622
10.4304
10.5440
10.6122
10.6576
10.7485
10.8394
10.8848
10.9530
11.0212
11.0894
11.1575
11.2030
11.2939
11.3393
11.4075
11.4529
11.5211
11.5666
11.6347
11.6802
11.7029
11.7711
11.8165
11.8392
11.9074
11.9529
11.9756
11.9983
12.0438
12.0665
12.0892
12.1801
12.1801
12.2028
12.2028
12.2255
12.2255
12.2710
12.2710
12.2710
12.2937
12.3164
12.3164
12.3164
12.3392
12.3392
12.3392
12.3392
12.3392
12.3619
12.3619
12.3619
12.3619
12.3619
12.3619
12.3619
12.3619
12.3619
12.3619
12.3619
12.3619
12.3619
12.3619
12.3619
12.3619
12.3619
12.3619
12.3619
12.3619
12.3619
12.3619
12.3619
12.3619
12.3619
12.3619
12.3619
12.3619
12.3619
12.3619
12.3619
12.3619
12.3619
12.3619
12.3619
12.3619
12.3619
12.3619
12.3619
12.3619
12.3619
12.3619
12.3619
12.3619
12.3619
12.3619
12.3619
12.3619
12.3619
12.3619
12.3619
12.3619
12.3619
12.3619
12.3619
12.3619
12.3619
12.3619
12.3619
12.3619
12.3619
12.3619
12.3619
12.3619
12.3619
12.3619
12.3619
12.3619
12.3619
12.3619
12.3619
12.3619
12.3619
12.3619
12.3619
12.3619
12.3619
12.3619
12.3619
12.3619
12.3619
12.3619
12.3619
12.3619
12.3619
12.3619
12.3619
12.3619
12.3619
12.3619
12.3619
12.3619
12.3619
12.3619
12.3619
12.3619
12.3619
12.3619
12.3619
12.3619
12.3619
12.3619
12.3619
12.3619
12.3619
12.3619
12.3619
12.3619
12.3619
12.3619
12.3619
12.3619
12.3619
12.3619
12.3619
12.3619
12.3619
12.3619
12.3619
12.3619
12.3619
12.3619
12.3619
12.3619
12.3619
12.3619
12.3619
12.3619
12.3619
12.3619
12.3619
12.3619
12.3619
12.3619
12.3619
12.3619
12.3619
12.3619
12.3619
12.3619
12.3619
12.3619
12.3619
12.3619
12.3619
12.3619
12.3619
12.3619
12.3619
12.3619
12.3619
12.3619
12.3619
12.3619
12.3619
12.3619
12.3619
12.3619
12.3619
12.3619
12.3619
12.3619
12.3619
12.3619
12.3619
12.3619
12.3619
12.3619
12.3619
12.3619
12.3619
12.3619
12.3619
12.3619
12.3619
12.3619
12.3619
12.3619
12.3619
12.3619
12.3619
12.3619
12.3619
12.3619
12.3619
12.3619
12.3619
12.3619
12.3619
12.3619
12.3619
12.3619
12.3619
12.3619
12.3619
12.3619
12.3619
12.3619
12.3619
12.3619
12.3619
12.3619
12.3619
12.3619
12.3619
12.3619
12.3619
12.3619
12.3619
12.3619
12.3619
12.3619
12.3619
12.3619
12.3619
12.3619
12.3619
12.3619
12.3619
12.3619
12.3619
12.3619
12.3619
12.3619
12.3619
12.3619
12.3619
12.3619
12.3619
12.3619
12.3619
12.3619
12.3619
12.3619
12.3619
12.3619
12.3619
12.3619
12.3619
12.3619
12.3619
12.3619
12.3619
12.3619
12.3619
12.3619
12.3619
12.3619
12.3619
12.3619
12.3619
12.3619
12.3619
12.3619
12.3619
12.3619
12.3619
12.3619
12.3619
12.3619
12.3619
12.3619
12.3619
12.3619
12.3619
12.3619
12.3619
12.3619
12.3619
12.3619
12.3619
12.3619
12.3619
12.3619
12.3619
12.3619
12.3619
12.3619
12.3619
12.3619
12.3619
12.3619
12.3619
12.3619
12.3619
12.3619
12.3619
12.3619
12.3619
12.3619
12.3619
12.3619
12.3619
12.3619
12.3619
12.3619
12.3619
12.3619
12.3619
12.3619
12.3619
12.3619
12.3619
12.3619
12.3619
12.3619
12.3619
12.3619
12.3619
12.3619
12.3619
12.3619
12.3619
12.3619
12.3619
12.3619
12.3619
12.3619
12.3619
12.3619
12.3619
12.3619
12.3619
12.3619
12.3619
12.3619
12.3619
12.3619
12.3619
12.3619
12.3619
12.3619
12.3619
12.3619
12.3619
12.3619
12.3619
12.3619
12.3619
12.3619
12.3619
12.3619
12.3619
12.3619
12.3619
12.3619
12.3619
12.3619
12.3619
12.3619
12.3619
12.3619
12.3619
12.3619
12.3619
12.3619
12.3619
12.3619
12.3619
12.3619
12.3619
12.3619
12.3619
12.3619
12.3619
12.3619
12.3619
12.3619
12.3619
12.3619
12.3619
12.3619
12.3619
12.3619
12.3619