7.2718
7.2718
7.2718
7.2718
7.2718
7.2718
7.2718
7.2718
7.2945
7.2945
7.2945
7.2945
7.2945
7.3172
7.3399
7.3627
7.3627
7.4763
7.4763
7.4763
7.4763
7.4763
7.4990
7.5217
7.5672
7.5672
7.6126
7.6353
7.7035
7.7035
7.7262
7.7717
7.8171
7.8399
7.8626
7.9308
7.9535
8.0217
8.0444
8.0898
8.1353
8.2034
8.2489
8.2716
8.3171
8.3852
8.4307
8.4761
8.5216
8.5670
8.6125
8.6806
8.7715
8.7943
8.8397
8.9079
8.9760
9.0215
9.0897
9.1806
9.2260
9.2942
9.3851
9.4305
9.4987
9.5669
9.6350
9.7259
9.7941
9.8396
9.9304
9.9986
10.0668
10.1350
10.2259
10.2713
10.3622
10.4531
10.5440
10.6122
10.6803
10.7485
10.8167
10.9076
10.9530
11.0212
11.0894
11.1575
11.2257
11.2712
11.3393
11.4075
11.4529
11.4984
11.5666
11.5893
11.6575
11.7029
11.7256
11.7711
11.8392
11.8847
11.8847
11.9301
11.9529
12.0438
12.0438
12.0665
12.0892
12.0892
12.1119
12.1574
12.1801
12.1801
12.2028
12.2028
12.2255
12.2255
12.2483
12.2710
12.2710
12.2937
12.2937
12.2937
12.2937
12.2937
12.2937
12.2937
12.2937
12.2937
12.2937
12.2937
12.3392
12.3392
12.3392
12.3392
12.3392
12.3392
12.3392
12.3392
12.3392
12.3392
12.3392
12.3392
12.3392
12.3392
12.3392
12.3392
12.3392
12.3392
12.3392
12.3392
12.3392
12.3392
12.3392
12.3392
12.3392
12.3392
12.3392
12.3392
12.3392
12.3392
12.3392
12.3392
12.3392
12.3392
12.3392
12.3392
12.3392
12.3392
12.3392
12.3392
12.3392
12.3392
12.3392
12.3392
12.3392
12.3392
12.3392
12.3392
12.3392
12.3392
12.3392
12.3392
12.3392
12.3392
12.3392
12.3392
12.3392
12.3392
12.3392
12.3392
12.3392
12.3392
12.3392
12.3392
12.3392
12.3392
12.3392
12.3392
12.3392
12.3392
12.3392
12.3392
12.3392
12.3392
12.3392
12.3392
12.3392
12.3392
12.3392
12.3392
12.3392
12.3392
12.3392
12.3392
12.3392
12.3392
12.3392
12.3392
12.3392
12.3392
12.3392
12.3392
12.3392
12.3392
12.3392
12.3392
12.3392
12.3392
12.3392
12.3392
12.3392
12.3392
12.3392
12.3392
12.3392
12.3392
12.3392
12.3392
12.3392
12.3392
12.3392
12.3392
12.3392
12.3392
12.3392
12.3392
12.3392
12.3392
12.3392
12.3392
12.3392
12.3392
12.3392
12.3392
12.3392
12.3392
12.3392
12.3392
12.3392
12.3392
12.3392
12.3392
12.3392
12.3392
12.3392
12.3392
12.3392
12.3392
12.3392
12.3392
12.3392
12.3392
12.3392
12.3392
12.3392
12.3392
12.3392
12.3392
12.3392
12.3392
12.3392
12.3392
12.3392
12.3392
12.3392
12.3392
12.3392
12.3392
12.3392
12.3392
12.3392
12.3392
12.3392
12.3392
12.3392
12.3392
12.3392
12.3392
12.3392
12.3392
12.3392
12.3392
12.3392
12.3392
12.3392
12.3392
12.3392
12.3392
12.3392
12.3392
12.3392
12.3392
12.3392
12.3392
12.3392
12.3392
12.3392
12.3392
12.3392
12.3392
12.3392
12.3392
12.3392
12.3392
12.3392
12.3392
12.3392
12.3392
12.3392
12.3392
12.3392
12.3392
12.3392
12.3392
12.3392
12.3392
12.3392
12.3392
12.3392
12.3392
12.3392
12.3392
12.3392
12.3392
12.3392
12.3392
12.3392
12.3392
12.3392
12.3392
12.3392
12.3392
12.3392
12.3392
12.3392
12.3392
12.3392
12.3392
12.3392
12.3392
12.3392
12.3392
12.3392
12.3392
12.3392
12.3392
12.3392
12.3392
12.3392
12.3392
12.3392
12.3392
12.3392
12.3392
12.3392
12.3392
12.3392
12.3392
12.3392
12.3392
12.3392
12.3392
12.3392
12.3392
12.3392
12.3392
12.3392
12.3392
12.3392
12.3392
12.3392
12.3392
12.3392
12.3392
12.3392
12.3392
12.3392
12.3392
12.3392
12.3392
12.3392
12.3392
12.3392
12.3392
12.3392
12.3392
12.3392
12.3392
12.3392
12.3392
12.3392
12.3392
12.3392
12.3392
12.3392
12.3392
12.3392
12.3392
12.3392
12.3392
12.3392
12.3392
12.3392
12.3392
12.3392
12.3392
12.3392
12.3392
12.3392
12.3392
12.3392
12.3392
12.3392
12.3392
12.3392
12.3392
12.3392
12.3392
12.3392
12.3392
12.3392
12.3392
12.3392
12.3392
12.3392
12.3392
12.3392
12.3392
12.3392
12.3392
12.3392
12.3392
12.3392
12.3392
12.3392
12.3392
12.3392
12.3392
12.3392
12.3392
12.3392
12.3392
12.3392
12.3392
12.3392
12.3392
12.3392
12.3392
12.3392
12.3392
12.3392
12.3392
12.3392
12.3392
12.3392
12.3392
12.3392
12.3392
12.3392
12.3392
12.3392
12.3392
12.3392
12.3392
12.3392
12.3392
12.3392
12.3392
12.3392
12.3392
12.3392
12.3392
12.3392
12.3392
12.3392
12.3392
12.3392
12.3392