6.8627
6.8627
6.8627
6.8627
6.8627
6.8627
6.8627
6.8627
6.8855
6.8855
6.9082
6.9082
6.9309
6.9309
6.9309
6.9536
6.9764
6.9991
7.0218
7.0673
7.0673
7.0900
7.1127
7.1354
7.1581
7.1581
7.2036
7.2718
7.2945
7.2945
7.3399
7.3854
7.4308
7.4536
7.4990
7.5672
7.5672
7.6126
7.6581
7.7035
7.7262
7.7717
7.7944
7.8626
7.9080
7.9762
8.0217
8.0444
8.1125
8.1580
8.2034
8.2489
8.3398
8.3852
8.4307
8.4761
8.5670
8.5897
8.6579
8.7034
8.7715
8.8397
8.8852
8.9533
8.9988
9.0897
9.1351
9.1806
9.2942
9.3169
9.3851
9.4760
9.5214
9.6123
9.7032
9.7487
9.7941
9.8623
9.9304
10.0213
10.0895
10.1577
10.2031
10.2940
10.3849
10.4758
10.5213
10.5894
10.6349
10.7258
10.7940
10.8621
10.9076
10.9985
11.0439
11.1121
11.1803
11.2484
11.2712
11.3393
11.3848
11.4529
11.4984
11.5211
11.5666
11.6120
11.6575
11.7029
11.7256
11.7711
11.7938
11.8165
11.8392
11.8620
11.8620
11.9074
11.9074
11.9301
11.9529
11.9529
11.9756
11.9756
11.9756
11.9983
11.9983
11.9983
11.9983
11.9983
11.9983
11.9983
11.9983
11.9983
11.9983
11.9983
11.9983
11.9983
11.9983
11.9983
11.9983
11.9983
11.9983
11.9983
11.9983
11.9983
11.9983
11.9983
11.9983
11.9983
11.9983
11.9983
11.9983
11.9983
11.9983
11.9983
11.9983
11.9983
11.9983
11.9983
11.9983
11.9983
11.9983
11.9983
11.9983
11.9983
11.9983
11.9983
11.9983
11.9983
11.9983
11.9983
11.9983
11.9983
11.9983
11.9983
11.9983
11.9983
11.9983
11.9983
11.9983
11.9983
11.9983
11.9983
11.9983
11.9983
11.9983
11.9983
11.9983
11.9983
11.9983
11.9983
11.9983
11.9983
11.9983
11.9983
11.9983
11.9983
11.9983
11.9983
11.9983
11.9983
11.9983
11.9983
11.9983
11.9983
11.9983
11.9983
11.9983
11.9983
11.9983
11.9983
11.9983
11.9983
11.9983
11.9983
11.9983
11.9983
11.9983
11.9983
11.9983
11.9983
11.9983
11.9983
11.9983
11.9983
11.9983
11.9983
11.9983
11.9983
11.9983
11.9983
11.9983
11.9983
11.9983
11.9983
11.9983
11.9983
11.9983
11.9983
11.9983
11.9983
11.9983
11.9983
11.9983
11.9983
11.9983
11.9983
11.9983
11.9983
11.9983
11.9983
11.9983
11.9983
11.9983
11.9983
11.9983
11.9983
11.9983
11.9983
11.9983
11.9983
11.9983
11.9983
11.9983
11.9983
11.9983
11.9983
11.9983
11.9983
11.9983
11.9983
11.9983
11.9983
11.9983
11.9983
11.9983
11.9983
11.9983
11.9983
11.9983
11.9983
11.9983
11.9983
11.9983
11.9983
11.9983
11.9983
11.9983
11.9983
11.9983
11.9983
11.9983
11.9983
11.9983
11.9983
11.9983
11.9983
11.9983
11.9983
11.9983
11.9983
11.9983
11.9983
11.9983
11.9983
11.9983
11.9983
11.9983
11.9983
11.9983
11.9983
11.9983
11.9983
11.9983
11.9983
11.9983
11.9983
11.9983
11.9983
11.9983
11.9983
11.9983
11.9983
11.9983
11.9983
11.9983
11.9983
11.9983
11.9983
11.9983
11.9983
11.9983
11.9983
11.9983
11.9983
11.9983
11.9983
11.9983
11.9983
11.9983
11.9983
11.9983
11.9983
11.9983
11.9983
11.9983
11.9983
11.9983
11.9983
11.9983
11.9983
11.9983
11.9983
11.9983
11.9983
11.9983
11.9983
11.9983
11.9983
11.9983
11.9983
11.9983
11.9983
11.9983
11.9983
11.9983
11.9983
11.9983
11.9983
11.9983
11.9983
11.9983
11.9983
11.9983
11.9983
11.9983
11.9983
11.9983
11.9983
11.9983
11.9983
11.9983
11.9983
11.9983
11.9983
11.9983
11.9983
11.9983
11.9983
11.9983
11.9983
11.9983
11.9983
11.9983
11.9983
11.9983
11.9983
11.9983
11.9983
11.9983
11.9983
11.9983
11.9983
11.9983
11.9983
11.9983
11.9983
11.9983
11.9983
11.9983
11.9983
11.9983
11.9983
11.9983
11.9983
11.9983
11.9983
11.9983
11.9983
11.9983
11.9983
11.9983
11.9983
11.9983
11.9983
11.9983
11.9983
11.9983
11.9983
11.9983
11.9983
11.9983
11.9983
11.9983
11.9983
11.9983
11.9983
11.9983
11.9983
11.9983
11.9983
11.9983
11.9983
11.9983
11.9983
11.9983
11.9983
11.9983
11.9983
11.9983
11.9983
11.9983
11.9983
11.9983
11.9983
11.9983
11.9983
11.9983
11.9983
11.9983
11.9983
11.9983
11.9983
11.9983
11.9983
11.9983
11.9983
11.9983
11.9983
11.9983
11.9983
11.9983
11.9983
11.9983
11.9983
11.9983
11.9983
11.9983
11.9983
11.9983
11.9983
11.9983
11.9983
11.9983
11.9983
11.9983
11.9983
11.9983
11.9983
11.9983
11.9983
11.9983
11.9983
11.9983
11.9983
11.9983
11.9983
11.9983
11.9983
11.9983
11.9983