7.1127
7.1127
7.1127
7.1127
7.1127
7.1127
7.1127
7.1127
7.1127
7.1127
7.1127
7.1127
7.1127
7.1127
7.1127
7.1127
7.1354
7.1581
7.2263
7.2263
7.2263
7.2263
7.2490
7.2718
7.3172
7.3399
7.3854
7.3854
7.4308
7.4536
7.4990
7.5217
7.5672
7.5899
7.6353
7.6808
7.7262
7.7717
7.7944
7.8626
7.8853
7.9308
7.9989
8.0217
8.1125
8.1125
8.1807
8.2262
8.2716
8.3398
8.3852
8.4534
8.4988
8.5670
8.6125
8.6806
8.7488
8.7943
8.8624
8.9306
8.9988
9.0442
9.1351
9.2033
9.2715
9.3396
9.4078
9.4987
9.5441
9.6350
9.7259
9.7714
9.8623
9.9532
10.0213
10.0895
10.1577
10.2486
10.3168
10.3849
10.4758
10.5667
10.6122
10.7031
10.7940
10.8394
10.9303
10.9757
11.0666
11.1348
11.1575
11.2484
11.2712
11.3393
11.3848
11.4757
11.4984
11.5666
11.6347
11.6575
11.7029
11.7484
11.7938
11.8165
11.8847
11.9074
11.9074
11.9529
11.9983
12.0210
12.0438
12.0892
12.0892
12.1347
12.1347
12.1347
12.1801
12.1801
12.1801
12.2028
12.2028
12.2028
12.2255
12.2255
12.2255
12.2255
12.2255
12.2255
12.2255
12.2483
12.2483
12.2483
12.2483
12.2483
12.2483
12.2483
12.2483
12.2483
12.2483
12.2483
12.2483
12.2483
12.2483
12.2483
12.2483
12.2483
12.2483
12.2483
12.2483
12.2483
12.2483
12.2483
12.2483
12.2483
12.2483
12.2483
12.2483
12.2483
12.2483
12.2483
12.2483
12.2483
12.2483
12.2483
12.2483
12.2483
12.2483
12.2483
12.2483
12.2483
12.2483
12.2483
12.2483
12.2483
12.2483
12.2483
12.2483
12.2483
12.2483
12.2483
12.2483
12.2483
12.2483
12.2483
12.2483
12.2483
12.2483
12.2483
12.2483
12.2483
12.2483
12.2483
12.2483
12.2483
12.2483
12.2483
12.2483
12.2483
12.2483
12.2483
12.2483
12.2483
12.2483
12.2483
12.2483
12.2483
12.2483
12.2483
12.2483
12.2483
12.2483
12.2483
12.2483
12.2483
12.2483
12.2483
12.2483
12.2483
12.2483
12.2483
12.2483
12.2483
12.2483
12.2483
12.2483
12.2483
12.2483
12.2483
12.2483
12.2483
12.2483
12.2483
12.2483
12.2483
12.2483
12.2483
12.2483
12.2483
12.2483
12.2483
12.2483
12.2483
12.2483
12.2483
12.2483
12.2483
12.2483
12.2483
12.2483
12.2483
12.2483
12.2483
12.2483
12.2483
12.2483
12.2483
12.2483
12.2483
12.2483
12.2483
12.2483
12.2483
12.2483
12.2483
12.2483
12.2483
12.2483
12.2483
12.2483
12.2483
12.2483
12.2483
12.2483
12.2483
12.2483
12.2483
12.2483
12.2483
12.2483
12.2483
12.2483
12.2483
12.2483
12.2483
12.2483
12.2483
12.2483
12.2483
12.2483
12.2483
12.2483
12.2483
12.2483
12.2483
12.2483
12.2483
12.2483
12.2483
12.2483
12.2483
12.2483
12.2483
12.2483
12.2483
12.2483
12.2483
12.2483
12.2483
12.2483
12.2483
12.2483
12.2483
12.2483
12.2483
12.2483
12.2483
12.2483
12.2483
12.2483
12.2483
12.2483
12.2483
12.2483
12.2483
12.2483
12.2483
12.2483
12.2483
12.2483
12.2483
12.2483
12.2483
12.2483
12.2483
12.2483
12.2483
12.2483
12.2483
12.2483
12.2483
12.2483
12.2483
12.2483
12.2483
12.2483
12.2483
12.2483
12.2483
12.2483
12.2483
12.2483
12.2483
12.2483
12.2483
12.2483
12.2483
12.2483
12.2483
12.2483
12.2483
12.2483
12.2483
12.2483
12.2483
12.2483
12.2483
12.2483
12.2483
12.2483
12.2483
12.2483
12.2483
12.2483
12.2483
12.2483
12.2483
12.2483
12.2483
12.2483
12.2483
12.2483
12.2483
12.2483
12.2483
12.2483
12.2483
12.2483
12.2483
12.2483
12.2483
12.2483
12.2483
12.2483
12.2483
12.2483
12.2483
12.2483
12.2483
12.2483
12.2483
12.2483
12.2483
12.2483
12.2483
12.2483
12.2483
12.2483
12.2483
12.2483
12.2483
12.2483
12.2483
12.2483
12.2483
12.2483
12.2483
12.2483
12.2483
12.2483
12.2483
12.2483
12.2483
12.2483
12.2483
12.2483
12.2483
12.2483
12.2483
12.2483
12.2483
12.2483
12.2483
12.2483
12.2483
12.2483
12.2483
12.2483
12.2483
12.2483
12.2483
12.2483
12.2483
12.2483
12.2483
12.2483
12.2483
12.2483
12.2483
12.2483
12.2483
12.2483
12.2483
12.2483
12.2483
12.2483
12.2483
12.2483
12.2483
12.2483
12.2483
12.2483
12.2483
12.2483
12.2483
12.2483
12.2483
12.2483
12.2483
12.2483
12.2483
12.2483
12.2483
12.2483
12.2483
12.2483
12.2483
12.2483
12.2483
12.2483
12.2483
12.2483
12.2483
12.2483
12.2483
12.2483
12.2483
12.2483
12.2483
12.2483
12.2483
12.2483
12.2483
12.2483
12.2483
12.2483
12.2483
12.2483
12.2483
12.2483
12.2483