-0.4254
-0.4198
-0.4198
-0.4198
-0.4198
-0.4198
-0.4198
-0.4198
-0.4198
-0.4198
-0.4198
-0.4198
-0.4198
-0.4141
-0.4084
-0.4027
-0.3971
-0.3857
-0.3857
-0.3800
-0.3687
-0.3630
-0.3517
-0.3460
-0.3290
-0.3290
-0.3120
-0.3006
-0.2893
-0.2836
-0.2666
-0.2553
-0.2439
-0.2326
-0.2099
-0.1985
-0.1815
-0.1645
-0.1588
-0.1361
-0.1248
-0.1078
-0.0908
-0.0681
-0.0567
-0.0340
-0.0170
0.0000
0.0113
0.0340
0.0567
0.0737
0.0908
0.1134
0.1361
0.1588
0.1758
0.1985
0.2212
0.2439
0.2609
0.2893
0.3120
0.3403
0.3687
0.3971
0.4311
0.4311
0.4538
0.4765
0.5048
0.5332
0.5559
0.5842
0.5956
0.6183
0.6296
0.6466
0.6580
0.6807
0.7034
0.7204
0.7374
0.7431
0.7601
0.7601
0.7658
0.7714
0.7714
0.7714
0.7771
0.7771
0.7771
0.7771
0.7771
0.7771
0.7828
0.7828
0.7828
0.7828
0.7828
0.7828
0.7828
0.7828
0.7828
0.7828
0.7828
0.7828
0.7828
0.7828
0.7828
0.7828
0.7828
0.7828
0.7828
0.7828
0.7828
0.7828
0.7828
0.7828
0.7828
0.7828
0.7828
0.7828
0.7828
0.7828
0.7828
0.7828
0.7828
0.7828
0.7828
0.7828
0.7828
0.7828
0.7828
0.7828
0.7828
0.7828
0.7828
0.7828
0.7828
0.7828
0.7828
0.7828
0.7828
0.7828
0.7828
0.7828
0.7828
0.7828
0.7828
0.7828
0.7828
0.7828
0.7828
0.7828
0.7828
0.7828
0.7828
0.7828
0.7828
0.7828
0.7828
0.7828
0.7828
0.7828
0.7828
0.7828
0.7828
0.7828
0.7828
0.7828
0.7828
0.7828
0.7828
0.7828
0.7828
0.7828
0.7828
0.7828
0.7828
0.7828
0.7828
0.7828
0.7828
0.7828
0.7828
0.7828
0.7828
0.7828
0.7828
0.7828
0.7828
0.7828
0.7828
0.7828
0.7828
0.7828
0.7828
0.7828
0.7828
0.7828
0.7828
0.7828
0.7828
0.7828
0.7828
0.7828
0.7828
0.7828
0.7828
0.7828
0.7828
0.7828
0.7828
0.7828
0.7828
0.7828
0.7828
0.7828
0.7828
0.7828
0.7828
0.7828
0.7828
0.7828
0.7828
0.7828
0.7828
0.7828
0.7828
0.7828
0.7828
0.7828
0.7828
0.7828
0.7828
0.7828
0.7828
0.7828
0.7828
0.7828
0.7828
0.7828
0.7828
0.7828
0.7828
0.7828
0.7828
0.7828
0.7828
0.7828
0.7828
0.7828
0.7828
0.7828
0.7828
0.7828
0.7828
0.7828
0.7828
0.7828
0.7828
0.7828
0.7828
0.7828
0.7828
0.7828
0.7828
0.7828
0.7828
0.7828
0.7828
0.7828
0.7828
0.7828
0.7828
0.7828
0.7828
0.7828
0.7828
0.7828
0.7828
0.7828
0.7828
0.7828
0.7828
0.7828
0.7828
0.7828
0.7828
0.7828
0.7828
0.7828
0.7828
0.7828
0.7828
0.7828
0.7828
0.7828
0.7828
0.7828
0.7828
0.7828
0.7828
0.7828
0.7828
0.7828
0.7828
0.7828
0.7828
0.7828
0.7828
0.7828
0.7828
0.7828
0.7828
0.7828
0.7828
0.7828
0.7828
0.7828
0.7828
0.7828
0.7828
0.7828
0.7828
0.7828
0.7828
0.7828
0.7828
0.7828
0.7828
0.7828
0.7828
0.7828
0.7828
0.7828
0.7828
0.7828
0.7828
0.7828
0.7828
0.7828
0.7828
0.7828
0.7828
0.7828
0.7828
0.7828
0.7828
0.7828
0.7828
0.7828
0.7828
0.7828
0.7828
0.7828
0.7828
0.7828
0.7828
0.7828
0.7828
0.7828
0.7828
0.7828
0.7828
0.7828
0.7828
0.7828
0.7828
0.7828
0.7828
0.7828
0.7828
0.7828
0.7828
0.7828
0.7828
0.7828
0.7828
0.7828
0.7828
0.7828
0.7828
0.7828
0.7828
0.7828
0.7828
0.7828
0.7828
0.7828
0.7828
0.7828
0.7828
0.7828
0.7828
0.7828
0.7828
0.7828
0.7828
0.7828
0.7828
0.7828
0.7828
0.7828
0.7828
0.7828
0.7828
0.7828
0.7828
0.7828
0.7828
0.7828
0.7828
0.7828
0.7828
0.7828
0.7828
0.7828
0.7828
0.7828
0.7828
0.7828
0.7828
0.7828
0.7828
0.7828
0.7828
0.7828
0.7828
0.7828
0.7828
0.7828
0.7828
0.7828
0.7828
0.7828
0.7828
0.7828
0.7828
0.7828
0.7828
0.7828
0.7828
0.7828
0.7828
0.7828
0.7828
0.7828
0.7828
0.7828
0.7828
0.7828
0.7828
0.7828
0.7828
0.7828
0.7828
0.7828
0.7828
0.7828
0.7828
0.7828
0.7828
0.7828
0.7828
0.7828
0.7828
0.7828
0.7828
0.7828
0.7828
0.7828
0.7828
0.7828
0.7828
0.7828
0.7828
0.7828
0.7828
0.7828
0.7828
0.7828
0.7828
0.7828
0.7828
0.7828
0.7828
0.7828
0.7828
0.7828
0.7828
0.7828
0.7828
0.7828
0.7828
0.7828
0.7828
0.7828