-0.4424
-0.4424
-0.4368
-0.4254
-0.4254
-0.4254
-0.4254
-0.4198
-0.4198
-0.4198
-0.4198
-0.4141
-0.4141
-0.4084
-0.4027
-0.3914
-0.3857
-0.3857
-0.3800
-0.3744
-0.3687
-0.3630
-0.3517
-0.3403
-0.3403
-0.3290
-0.3233
-0.3120
-0.3063
-0.3006
-0.2779
-0.2779
-0.2609
-0.2553
-0.2382
-0.2212
-0.2099
-0.2042
-0.1872
-0.1702
-0.1588
-0.1418
-0.1305
-0.1078
-0.0964
-0.0794
-0.0624
-0.0511
-0.0340
-0.0113
0.0000
0.0170
0.0397
0.0567
0.0737
0.0851
0.1078
0.1305
0.1532
0.1758
0.1872
0.2099
0.2326
0.2553
0.2666
0.2893
0.3120
0.3347
0.3574
0.3857
0.4027
0.4254
0.4368
0.4538
0.4821
0.5048
0.5219
0.5389
0.5672
0.5842
0.6013
0.6240
0.6296
0.6523
0.6637
0.6750
0.7090
0.7090
0.7261
0.7374
0.7431
0.7487
0.7601
0.7601
0.7601
0.7658
0.7658
0.7658
0.7714
0.7714