6.7946
6.7946
6.8173
6.8173
6.8173
6.8173
6.8173
6.8173
6.8173
6.8173
6.8173
6.8173
6.8173
6.8173
6.8173
6.8173
6.8173
6.8173
6.8173
6.8400
6.8400
6.8627
6.8855
6.9082
6.9536
6.9536
6.9536
6.9991
7.0218
7.0673
7.0673
7.1354
7.1581
7.1809
7.2263
7.2718
7.2945
7.3172
7.3854
7.4308
7.4536
7.4990
7.5672
7.5899
7.6353
7.6808
7.7490
7.7944
7.8399
7.8853
7.9535
7.9989
8.0217
8.1125
8.1353
8.2034
8.2716
8.3398
8.4307
8.4534
8.4988
8.5670
8.6125
8.6806
8.7488
8.8397
8.8852
8.9533
8.9988
9.0897
9.1806
9.2260
9.2942
9.3624
9.4532
9.4987
9.5669
9.6578
9.7487
9.7941
9.8850
9.9759
10.0213
10.1122
10.1577
10.2486
10.3168
10.4076
10.4758
10.5440
10.6349
10.7031
10.7940
10.8394
10.9076
10.9757
11.0212
11.1121
11.1803
11.2030
11.2484
11.3393
11.3848
11.4529
11.4757
11.5211
11.5666
11.6120
11.6347
11.6802
11.7029
11.7484
11.7938
11.8392
11.8620
11.8620
11.9074
11.9301
11.9301
11.9529
11.9756
11.9983
11.9983
12.0210
12.0210
12.0210
12.0210
12.0210
12.0210
12.0210
12.0210
12.0210
12.0210
12.0210
12.0210
12.0210
12.0210
12.0210
12.0210
12.0210
12.0210
12.0210
12.0210
12.0210
12.0210
12.0210
12.0210
12.0210
12.0210
12.0210
12.0210
12.0210
12.0210
12.0210
12.0210
12.0210
12.0210
12.0210
12.0210
12.0210
12.0210
12.0210
12.0210
12.0210
12.0210
12.0210
12.0210
12.0210
12.0210
12.0210
12.0210
12.0210
12.0210
12.0210
12.0210
12.0210
12.0210
12.0210
12.0210
12.0210
12.0210
12.0210
12.0210
12.0210
12.0210
12.0210
12.0210
12.0210
12.0210
12.0210
12.0210
12.0210
12.0210
12.0210
12.0210
12.0210
12.0210
12.0210
12.0210
12.0210
12.0210
12.0210
12.0210
12.0210
12.0210
12.0210
12.0210
12.0210
12.0210
12.0210
12.0210
12.0210
12.0210
12.0210
12.0210
12.0210
12.0210
12.0210
12.0210
12.0210
12.0210
12.0210
12.0210
12.0210
12.0210
12.0210
12.0210
12.0210
12.0210
12.0210
12.0210
12.0210
12.0210
12.0210
12.0210
12.0210
12.0210
12.0210
12.0210
12.0210
12.0210
12.0210
12.0210
12.0210
12.0210
12.0210
12.0210
12.0210
12.0210
12.0210
12.0210
12.0210
12.0210
12.0210
12.0210
12.0210
12.0210
12.0210
12.0210
12.0210
12.0210
12.0210
12.0210
12.0210
12.0210
12.0210
12.0210
12.0210
12.0210
12.0210
12.0210
12.0210
12.0210
12.0210
12.0210
12.0210
12.0210
12.0210
12.0210
12.0210
12.0210
12.0210
12.0210
12.0210
12.0210
12.0210
12.0210
12.0210
12.0210
12.0210
12.0210
12.0210
12.0210
12.0210
12.0210
12.0210
12.0210
12.0210
12.0210
12.0210
12.0210
12.0210
12.0210
12.0210
12.0210
12.0210
12.0210
12.0210
12.0210
12.0210
12.0210
12.0210
12.0210
12.0210
12.0210
12.0210
12.0210
12.0210
12.0210
12.0210
12.0210
12.0210
12.0210
12.0210
12.0210
12.0210
12.0210
12.0210
12.0210
12.0210
12.0210
12.0210
12.0210
12.0210
12.0210
12.0210
12.0210
12.0210
12.0210
12.0210
12.0210
12.0210
12.0210
12.0210
12.0210
12.0210
12.0210
12.0210
12.0210
12.0210
12.0210
12.0210
12.0210
12.0210
12.0210
12.0210
12.0210
12.0210
12.0210
12.0210
12.0210
12.0210
12.0210
12.0210
12.0210
12.0210
12.0210
12.0210
12.0210
12.0210
12.0210
12.0210
12.0210
12.0210
12.0210
12.0210
12.0210
12.0210
12.0210
12.0210
12.0210
12.0210
12.0210
12.0210
12.0210
12.0210
12.0210
12.0210
12.0210
12.0210
12.0210
12.0210
12.0210
12.0210
12.0210
12.0210
12.0210
12.0210
12.0210
12.0210
12.0210
12.0210
12.0210
12.0210
12.0210
12.0210
12.0210
12.0210
12.0210
12.0210
12.0210
12.0210
12.0210
12.0210
12.0210
12.0210
12.0210
12.0210
12.0210
12.0210
12.0210
12.0210
12.0210
12.0210
12.0210
12.0210
12.0210
12.0210
12.0210
12.0210
12.0210
12.0210
12.0210
12.0210
12.0210
12.0210
12.0210
12.0210
12.0210
12.0210
12.0210
12.0210
12.0210
12.0210
12.0210
12.0210
12.0210
12.0210
12.0210
12.0210
12.0210
12.0210
12.0210
12.0210
12.0210
12.0210
12.0210
12.0210
12.0210
12.0210
12.0210
12.0210
12.0210
12.0210
12.0210
12.0210
12.0210
12.0210
12.0210
12.0210
12.0210
12.0210
12.0210
12.0210
12.0210
12.0210
12.0210
12.0210
12.0210
12.0210
12.0210
12.0210
12.0210
12.0210
12.0210
12.0210
12.0210
12.0210
12.0210
12.0210
12.0210
12.0210
12.0210
12.0210
12.0210
12.0210
12.0210
12.0210
12.0210
12.0210