7.2490
7.2490
7.2490
7.2490
7.2490
7.2490
7.2490
7.2490
7.2718
7.2718
7.2718
7.2945
7.2945
7.2945
7.3172
7.3172
7.3399
7.3399
7.3854
7.4081
7.4081
7.4763
7.4763
7.5217
7.5445
7.5672
7.5899
7.6353
7.7262
7.7262
7.7262
7.7490
7.7717
7.8171
7.8626
7.9080
7.9535
7.9762
8.0217
8.0671
8.1125
8.1580
8.2034
8.2716
8.3171
8.3625
8.4307
8.4761
8.5216
8.5670
8.6125
8.7034
8.7488
8.7943
8.8397
8.9079
8.9533
9.0442
9.0897
9.1578
9.2033
9.2942
9.3624
9.4078
9.4760
9.5441
9.6350
9.7032
9.7714
9.8396
9.9077
9.9759
10.0441
10.1122
10.1804
10.2713
10.3622
10.4304
10.4985
10.5667
10.6803
10.7258
10.7940
10.8394
10.9303
10.9985
11.0439
11.1348
11.2030
11.2484
11.2939
11.3620
11.4075
11.4757
11.4984
11.5666
11.6120
11.6575
11.7029
11.7484
11.7711
11.8165
11.8620
11.8847
11.9301
11.9301
11.9983
11.9983
12.0438
12.0438
12.0665
12.0892
12.1119
12.1574
12.1574
12.1801
12.1801
12.1801
12.2028
12.2028
12.2028
12.2028
12.2255
12.2255
12.2483
12.2483
12.2483
12.2483
12.2483
12.2483
12.2483
12.2483
12.2483
12.2483
12.2483
12.2483
12.2483
12.2483
12.2483
12.2483
12.2483
12.2483
12.2483
12.2483
12.2483
12.2483
12.2483
12.2483
12.2483
12.2483
12.2483
12.2483
12.2483
12.2483
12.2483
12.2483
12.2483
12.2483
12.2483
12.2483
12.2483
12.2483
12.2483
12.2483
12.2483
12.2483
12.2483
12.2483
12.2483
12.2483
12.2483
12.2483
12.2483
12.2483
12.2483
12.2483
12.2483
12.2483
12.2483
12.2483
12.2483
12.2483
12.2483
12.2483
12.2483
12.2483
12.2483
12.2483
12.2483
12.2483
12.2483
12.2483
12.2483
12.2483
12.2483
12.2483
12.2483
12.2483
12.2483
12.2483
12.2483
12.2483
12.2483
12.2483
12.2483
12.2483
12.2483
12.2483
12.2483
12.2483
12.2483
12.2483
12.2483
12.2483
12.2483
12.2483
12.2483
12.2483
12.2483
12.2483
12.2483
12.2483
12.2483
12.2483
12.2483
12.2483
12.2483
12.2483
12.2483
12.2483
12.2483
12.2483
12.2483
12.2483
12.2483
12.2483
12.2483
12.2483
12.2483
12.2483
12.2483
12.2483
12.2483
12.2483
12.2483
12.2483
12.2483
12.2483
12.2483
12.2483
12.2483
12.2483
12.2483
12.2483
12.2483
12.2483
12.2483
12.2483
12.2483
12.2483
12.2483
12.2483
12.2483
12.2483
12.2483
12.2483
12.2483
12.2483
12.2483
12.2483
12.2483
12.2483
12.2483
12.2483
12.2483
12.2483
12.2483
12.2483
12.2483
12.2483
12.2483
12.2483
12.2483
12.2483
12.2483
12.2483
12.2483
12.2483
12.2483
12.2483
12.2483
12.2483
12.2483
12.2483
12.2483
12.2483
12.2483
12.2483
12.2483
12.2483
12.2483
12.2483
12.2483
12.2483
12.2483
12.2483
12.2483
12.2483
12.2483
12.2483
12.2483
12.2483
12.2483
12.2483
12.2483
12.2483
12.2483
12.2483
12.2483
12.2483
12.2483
12.2483
12.2483
12.2483
12.2483
12.2483
12.2483
12.2483
12.2483
12.2483
12.2483
12.2483
12.2483
12.2483
12.2483
12.2483
12.2483
12.2483
12.2483
12.2483
12.2483
12.2483
12.2483
12.2483
12.2483
12.2483
12.2483
12.2483
12.2483
12.2483
12.2483
12.2483
12.2483
12.2483
12.2483
12.2483
12.2483
12.2483
12.2483
12.2483
12.2483
12.2483
12.2483
12.2483
12.2483
12.2483
12.2483
12.2483
12.2483
12.2483
12.2483
12.2483
12.2483
12.2483
12.2483
12.2483
12.2483
12.2483
12.2483
12.2483
12.2483
12.2483
12.2483
12.2483
12.2483
12.2483
12.2483
12.2483
12.2483
12.2483
12.2483
12.2483
12.2483
12.2483
12.2483
12.2483
12.2483
12.2483
12.2483
12.2483
12.2483
12.2483
12.2483
12.2483
12.2483
12.2483
12.2483
12.2483
12.2483
12.2483
12.2483
12.2483
12.2483
12.2483
12.2483
12.2483
12.2483
12.2483
12.2483
12.2483
12.2483
12.2483
12.2483
12.2483
12.2483
12.2483
12.2483
12.2483
12.2483
12.2483
12.2483
12.2483
12.2483
12.2483
12.2483
12.2483
12.2483
12.2483
12.2483
12.2483
12.2483
12.2483
12.2483
12.2483
12.2483
12.2483
12.2483
12.2483
12.2483
12.2483
12.2483
12.2483
12.2483
12.2483
12.2483
12.2483
12.2483
12.2483
12.2483
12.2483
12.2483
12.2483
12.2483
12.2483
12.2483
12.2483
12.2483
12.2483
12.2483
12.2483
12.2483
12.2483
12.2483
12.2483
12.2483
12.2483
12.2483
12.2483
12.2483
12.2483
12.2483
12.2483
12.2483
12.2483
12.2483
12.2483
12.2483
12.2483
12.2483
12.2483
12.2483
12.2483
12.2483
12.2483
12.2483
12.2483
12.2483
12.2483
12.2483
12.2483