7.1127
7.1127
7.1127
7.1127
7.1127
7.1127
7.1354
7.1354
7.1354
7.2036
7.2036
7.2036
7.2036
7.2490
7.2490
7.2718
7.2718
7.3172
7.3627
7.3627
7.4081
7.4308
7.4536
7.4763
7.4990
7.5217
7.5672
7.6126
7.6581
7.7035
7.7262
7.7717
7.7944
7.8626
7.8853
7.9308
7.9762
8.0444
8.0671
8.1125
8.1807
8.2262
8.2943
8.3398
8.3852
8.4307
8.4761
8.5216
8.6125
8.6579
8.7034
8.7715
8.8170
8.8852
8.9306
8.9988
9.0897
9.1351
9.1806
9.2715
9.3396
9.3851
9.4532
9.4987
9.5896
9.6805
9.7259
9.7941
9.8623
9.9304
9.9986
10.0895
10.1804
10.2031
10.2940
10.3622
10.4304
10.5213
10.5894
10.6576
10.7258
10.7940
10.8621
10.9076
10.9985
11.0439
11.1121
11.1803
11.2257
11.2939
11.3393
11.3848
11.4529
11.4757
11.5211
11.5666
11.6120
11.6575
11.7029
11.7029
11.7938
11.8165
11.8165
11.8620
11.8620
11.9074
11.9074
11.9529
11.9756
11.9756
11.9756
11.9756
11.9983
11.9983
11.9983
11.9983
11.9983
11.9983
11.9983
11.9983
11.9983
11.9983
11.9983
11.9983
11.9983
11.9983
11.9983
11.9983
11.9983
11.9983
11.9983
11.9983
11.9983
11.9983
11.9983
11.9983
11.9983
11.9983
11.9983
11.9983
11.9983
11.9983
11.9983
11.9983
11.9983
11.9983
11.9983
11.9983
11.9983
11.9983
11.9983
11.9983
11.9983
11.9983
11.9983
11.9983
11.9983
11.9983
11.9983
11.9983
11.9983
11.9983
11.9983
11.9983
11.9983
11.9983
11.9983
11.9983
11.9983
11.9983
11.9983
11.9983
11.9983
11.9983
11.9983
11.9983
11.9983
11.9983
11.9983
11.9983
11.9983
11.9983
11.9983
11.9983
11.9983
11.9983
11.9983
11.9983
11.9983
11.9983
11.9983
11.9983
11.9983
11.9983
11.9983
11.9983
11.9983
11.9983
11.9983
11.9983
11.9983
11.9983
11.9983
11.9983
11.9983
11.9983
11.9983
11.9983
11.9983
11.9983
11.9983
11.9983
11.9983
11.9983
11.9983
11.9983
11.9983
11.9983
11.9983
11.9983
11.9983
11.9983
11.9983
11.9983
11.9983
11.9983
11.9983
11.9983
11.9983
11.9983
11.9983
11.9983
11.9983
11.9983
11.9983
11.9983
11.9983
11.9983
11.9983
11.9983
11.9983
11.9983
11.9983
11.9983
11.9983
11.9983
11.9983
11.9983
11.9983
11.9983
11.9983
11.9983
11.9983
11.9983
11.9983
11.9983
11.9983
11.9983
11.9983
11.9983
11.9983
11.9983
11.9983
11.9983
11.9983
11.9983
11.9983
11.9983
11.9983
11.9983
11.9983
11.9983
11.9983
11.9983
11.9983
11.9983
11.9983
11.9983
11.9983
11.9983
11.9983
11.9983
11.9983
11.9983
11.9983
11.9983
11.9983
11.9983
11.9983
11.9983
11.9983
11.9983
11.9983
11.9983
11.9983
11.9983
11.9983
11.9983
11.9983
11.9983
11.9983
11.9983
11.9983
11.9983
11.9983
11.9983
11.9983
11.9983
11.9983
11.9983
11.9983
11.9983
11.9983
11.9983
11.9983
11.9983
11.9983
11.9983
11.9983
11.9983
11.9983
11.9983
11.9983
11.9983
11.9983
11.9983
11.9983
11.9983
11.9983
11.9983
11.9983
11.9983
11.9983
11.9983
11.9983
11.9983
11.9983
11.9983
11.9983
11.9983
11.9983
11.9983
11.9983
11.9983
11.9983
11.9983
11.9983
11.9983
11.9983
11.9983
11.9983
11.9983
11.9983
11.9983
11.9983
11.9983
11.9983
11.9983
11.9983
11.9983
11.9983
11.9983
11.9983
11.9983
11.9983
11.9983
11.9983
11.9983
11.9983
11.9983
11.9983
11.9983
11.9983
11.9983
11.9983
11.9983
11.9983
11.9983
11.9983
11.9983
11.9983
11.9983
11.9983
11.9983
11.9983
11.9983
11.9983
11.9983
11.9983
11.9983
11.9983
11.9983
11.9983
11.9983
11.9983
11.9983
11.9983
11.9983
11.9983
11.9983
11.9983
11.9983
11.9983
11.9983
11.9983
11.9983
11.9983
11.9983
11.9983
11.9983
11.9983
11.9983
11.9983
11.9983
11.9983
11.9983
11.9983
11.9983
11.9983
11.9983
11.9983
11.9983
11.9983
11.9983
11.9983
11.9983
11.9983
11.9983
11.9983
11.9983
11.9983
11.9983
11.9983
11.9983
11.9983
11.9983
11.9983
11.9983
11.9983
11.9983
11.9983
11.9983
11.9983
11.9983
11.9983
11.9983
11.9983
11.9983
11.9983
11.9983
11.9983
11.9983
11.9983
11.9983
11.9983
11.9983
11.9983
11.9983
11.9983
11.9983
11.9983
11.9983
11.9983
11.9983
11.9983
11.9983
11.9983
11.9983
11.9983
11.9983
11.9983
11.9983
11.9983
11.9983
11.9983
11.9983
11.9983
11.9983
11.9983
11.9983
11.9983
11.9983
11.9983
11.9983
11.9983
11.9983
11.9983
11.9983
11.9983
11.9983
11.9983
11.9983
11.9983
11.9983
11.9983
11.9983
11.9983
11.9983
11.9983
11.9983