-0.3574
-0.3517
-0.3517
-0.3517
-0.3517
-0.3517
-0.3517
-0.3517
-0.3517
-0.3517
-0.3517
-0.3403
-0.3347
-0.3290
-0.3176
-0.3176
-0.3063
-0.2950
-0.2893
-0.2779
-0.2779
-0.2609
-0.2553
-0.2382
-0.2326
-0.2155
-0.2042
-0.1929
-0.1815
-0.1702
-0.1475
-0.1361
-0.1248
-0.1078
-0.0908
-0.0794
-0.0567
-0.0454
-0.0340
-0.0057
0.0000
0.0227
0.0397
0.0624
0.0794
0.0964
0.1134
0.1361
0.1532
0.1702
0.1872
0.1985
0.2326
0.2553
0.2723
0.2950
0.3176
0.3403
0.3687
0.3914
0.4311
0.4368
0.4651
0.4821
0.5048
0.5332
0.5559
0.5729
0.5956
0.6126
0.6240
0.6353
0.6637
0.6750
0.6977
0.7147
0.7317
0.7374
0.7487
0.7601
0.7601
0.7658
0.7714
0.7714
0.7714
0.7714
0.7714
0.7714
0.7714
0.7714
0.7714
0.7714
0.7714
0.7714
0.7714
0.7714
0.7714
0.7714
0.7714
0.7714