-0.000697
-0.003460
-0.008208
-0.008585
-0.003356
-0.002849
-0.007239
-0.010410
-0.014844
-0.023975
-0.036920
-0.050728
-0.064304
-0.079380
-0.097623
-0.119239
-0.137449
-0.145727
-0.151404
-0.160495
-0.170421
-0.179742
-0.190210
-0.202816
-0.215719
-0.228889
-0.245089
-0.265578
-0.287380
-0.307625
-0.327390
-0.346664
-0.365788
-0.388577
-0.412420
-0.432018
-0.446452
-0.456242
-0.463290
-0.468037
-0.469863
-0.468526
-0.463446
-0.452677
-0.434353
-0.408081
-0.371402
-0.321963
-0.251587
-0.151036
-0.027841
0.107223
0.249694
0.397356
0.550509
0.708735
0.871625
1.038084
1.206003
1.375094
1.546124
1.718086
1.889658
2.060966
2.230383
2.397397
2.563955
2.729144
2.891040
3.049192
3.203168
3.353257
3.502881
3.656729
3.815825
3.978359
4.142930
4.308188
4.474575
4.643559
4.813415
4.979339
5.139154
5.294258
5.442516
5.582929
5.721867
5.865121
6.013027
6.164510
6.319226
6.477886
6.642563
6.814548
6.992982
7.175983
7.361036
7.546412
7.734280
7.926379
8.121238
8.316390
8.509111
8.700619
8.893478
9.084235
9.267469
9.442158
9.608722
9.767577
9.919137
10.061715
10.191608
10.306666
10.409369
10.502469
10.586892
10.663887
10.733274
10.793142
10.842717
10.880217
10.903595
10.912296
10.905106
10.882622
10.847186
10.797933
10.732303
10.651690
10.558505
10.453342
10.336095
10.206676
10.066763
9.916941
9.757435
9.589521
9.413747
9.231346
9.041773
8.844160
8.638384
8.420850
8.188111
7.936871
7.664328
7.373394
7.070735
6.761738
6.446023
6.119747
5.781315
5.428510
5.058519
4.672845
4.272255
3.857860
3.432493
2.995409
2.547999
2.091969
1.626179
1.150595
0.663104
0.152622
-0.390446
-0.958210
-1.541292
-2.138314
-2.746881
-3.366413
-3.997734
-4.639178
-5.291568
-5.956378
-6.631873
-7.314276
-7.996800
-8.673956
-9.343952
-10.007165
-10.662920
-11.307439
-11.938148
-12.554677
-13.156691
-13.743190
-14.309397
-14.849694
-15.361497
-15.843751
-16.298969
-16.729609
-17.133537
-17.506645
-17.844671
-18.145304
-18.407066
-18.627890
-18.807936
-18.950205
-19.057642
-19.131039
-19.170853
-19.177223
-19.147543
-19.082493
-18.988350
-18.868765
-18.725195
-18.559423
-18.372154
-18.165144
-17.942898
-17.710121
-17.469973
-17.218174
-16.952719
-16.688782
-16.437834
-16.198347
-15.970583
-15.757563
-15.560431
-15.380272
-15.218451
-15.073819
-14.945595
-14.832302
-14.727968
-14.628572
-14.534765
-14.446822
-14.361858
-14.276395
-14.190569
-14.100677
-13.999325
-13.884986
-13.760391
-13.626793
-13.479830
-13.315667
-13.135171
-12.940590
-12.733414
-12.508819
-12.258697
-11.977715
-11.665665
-11.327967
-10.970922
-10.599926
-10.218455
-9.825686
-9.418750
-8.998038
-8.568134
-8.136605
-7.708645
-7.282626
-6.859071
-6.446848
-6.051343
-5.669700
-5.301589
-4.948766
-4.610462
-4.288354
-3.986477
-3.705549
-3.446583
-3.211220
-2.995775
-2.795280
-2.609113
-2.440490
-2.290741
-2.157633
-2.039690
-1.937562
-1.850457
-1.774802
-1.709932
-1.656236
-1.608492
-1.560619
-1.511992
-1.463055
-1.414585
-1.367679
-1.318857
-1.263376
-1.200514
-1.130633
-1.052693
-0.968149
-0.879454
-0.786885
-0.688624
-0.580833
-0.458785
-0.320387
-0.165741
0.005034
0.187617
0.375388
0.564407
0.752620
0.937005
1.110473
1.263073
1.388740
1.487597
1.559452
1.599276
1.603317
1.573589
1.513128
1.424548
1.310758
1.173546
1.014318
0.832716
0.626684
0.383464
0.095356
-0.216398
-0.535147
-0.860537
-1.189426
-1.517043
-1.840536
-2.161699
-2.482612
-2.798302
-3.099806
-3.380951
-3.637217
-3.862890
-4.053557
-4.207458
-4.322598
-4.392581
-4.405033
-4.348464
-4.220275
-4.018762
-3.735413
-3.362142
-2.889897
-2.310791
-1.625054
-0.833402
0.068210
1.085613
2.224961
3.493753
4.893102
6.415528
8.049126
9.785761
11.632797
13.600311
15.692261
17.910889
20.255386
22.726200
25.322531
28.037161
30.866114
33.814812
36.893898
40.111683
43.471798
46.977890
50.633617
54.441246
58.400654
62.511162
66.770508
71.175964
75.732384
80.444901
85.307098
90.307701
95.441246
100.706116
106.098816
111.609901
117.225914
122.936172
128.732010
134.604614
140.617950
146.830597
153.151199
159.494080
165.851303
172.215897
178.582199
184.944412
191.299026
197.640991
203.962952
210.259277
216.521439
222.740921
228.911652
235.025803
241.075531
247.055817
252.959518
258.776367
264.497284
270.112610
275.612122
280.989288
286.236938
291.343170
296.296295
301.080811
305.675354
310.061340
314.223267
318.148315
321.823364
325.230927
328.355225
331.183228
333.701355
335.896973
337.755951
339.266479
340.423370
341.224091
341.669922
341.761810
341.497437
340.873962
339.890167
338.548248
336.850037
334.796783
332.393646
329.647186
326.560303
323.134186
319.372925
315.285461
310.883667
306.178986
301.183624
295.913239
290.380798
284.594269
278.567688
272.319000
265.865479
259.225494
252.414154
245.448700
238.351486
231.141144
223.832947
216.442123
208.984451
201.479797
193.948364
186.407944
178.872864
171.357300
163.874130
156.428040
149.025620
141.679077
134.397964
127.190720
120.066071
113.031937
106.098618
99.277634
92.577484
86.003036
79.559166
73.249336
67.073914
61.036186
55.140869
49.389519
43.783092
38.321606
33.006615
27.844997
22.841413
17.995953
13.308823
8.782450
4.418593
0.214889
-3.832214
-7.723210
-11.456356
-15.032633
-18.455994
-21.728716
-24.850761
-27.825792
-30.659285
-33.353214
-35.908291
-38.325386
-40.606934
-42.753021
-44.762535
-46.638767
-48.386471
-50.011444
-51.518406
-52.911018
-54.195751
-55.377949
-56.460442
-57.446110
-58.336109
-59.132046
-59.836636
-60.449837
-60.971737
-61.404984
-61.751205
-62.008953
-62.179398
-62.266224
-62.268230
-62.186455
-62.026546
-61.788486
-61.471302
-61.079762
-60.617161
-60.083992
-59.482910
-58.817265
-58.091072
-57.308628
-56.473450
-55.589352
-54.661472
-53.693768
-52.687664
-51.647041
-50.573929
-49.468227
-48.333042
-47.169643
-45.979656
-44.770603
-43.549763
-42.319969
-41.082569
-39.839920
-38.594646
-37.346146
-36.092793
-34.834770
-33.575054
-32.316154
-31.058052
-29.805962
-28.565592
-27.339285
-26.131021
-24.942165
-23.774704
-22.631914
-21.509594
-20.400187
-19.298483
-18.203295
-17.115561
-16.035126
-14.961136
-13.892060
-12.831301
-11.785957
-10.758312
-9.747750
-8.750863
-7.763306
-6.789249
-5.835481
-4.906067
-4.006285
-3.134549
-2.283018
-1.445857
-0.617424
0.205633
1.025153
1.846401
2.677932
3.527270
4.399199
5.298987
6.234464
7.215903
8.252092
9.348627
10.512205
11.749187
13.066288
14.472656
15.976975
17.587469
19.309473
21.147617
23.107944
25.191917
27.400427
29.740774
32.221207
34.845291
37.611721
40.520439
43.574329
46.775616
50.125195
53.621628
57.261574
61.041626
64.957947
69.005615
73.182854
77.488792
81.919632
86.468071
91.127594
95.898064
100.782310
105.781532
110.893913
116.119987
121.458038
126.898911
132.430862
138.043152
143.729874
149.485565
155.302460
161.173965
167.093033
173.049637
179.034775
185.040100
191.056488
197.076553
203.091751
209.092468
215.072296
221.028885
226.957581
232.847290
238.689514
244.481003
250.215561
255.884140
261.478821
266.992798
272.424194
277.774384
283.040985
288.219421
293.304016
298.287292
303.162201
307.924927
312.574646
317.110199
321.529755
325.828979
330.002472
334.050171
337.973572
341.768951
345.430145
348.954926
352.342743
355.596436
358.719849
361.708252
364.556519
367.264465
369.830780
372.254669
374.538300
376.679840
378.674622
380.524597
382.234650
383.809296
385.253815
386.569885
387.754547
388.807892
389.734680
390.538300
391.220459
391.779449
392.210663
392.513702
392.693237
392.753571
392.698669
392.531860
392.253662
391.864746
391.367035
390.763123
390.055267
389.245605
388.335175
387.321625
386.201111
384.966644
383.610168
382.130096
380.528473
378.799500
376.927643
374.900208
372.706970
370.337250
367.785187
365.046417
362.118835
359.003723
355.699402
352.203247
348.514954
344.635986
340.570831
336.322601
331.893524
327.289154
322.510559
317.550934
312.404755
307.074219
301.567993
295.895081
290.060089
284.062195
277.898315
271.550812
265.011261
258.318146
251.510605
244.604431
237.611526
230.542068
223.409424
216.226242
209.001984
201.749969
194.486252
187.224884
179.979385
172.762070
165.581253
158.444565
151.363098
144.348541
137.409927
130.570847
123.855652
117.257957
110.770088
104.398422
98.149620
92.029953
86.042831
80.191696
74.484207
68.923714
63.507301
58.236855
53.117813
48.154503
43.351227
38.711555
34.235554
29.922016
25.773041
21.788677
17.965252
14.302839
10.800592
7.455033
4.264682
1.228943
-1.652273
-4.382756
-6.968110
-9.410446
-11.709906
-13.869266
-15.894879
-17.793404
-19.569679
-21.226103
-22.768982
-24.214312
-25.576584
-26.859764
-28.067081
-29.204885
-30.282530
-31.310848
-32.294418
-33.238056
-34.153431
-35.051815
-35.939911
-36.822090
-37.703960
-38.591278
-39.485050
-40.385532
-41.297146
-42.224838
-43.172646
-44.146168
-45.146938
-46.173592
-47.229321
-48.316811
-49.436161
-50.587418
-51.766747
-52.966930
-54.186928
-55.430573
-56.702583
-58.009544
-59.354618
-60.738014
-62.163353
-63.635815
-65.157532
-66.732224
-68.369675
-70.076447
-71.855263
-73.713188
-75.656563
-77.691025
-79.823601
-82.059189
-84.402039
-86.857117
-89.429733
-92.124161
-94.942261
-97.883537
-100.943855
-104.114899
-107.387459
-110.752876
-114.205109
-117.741013
-121.350800
-125.018700
-128.730469
-132.473724
-136.239670
-140.021484
-143.812607
-147.607742
-151.402542
-155.190643
-158.962830
-162.712341
-166.433746
-170.119080
-173.760681
-177.351593
-180.886581
-184.363480
-187.778198
-191.126541
-194.408035
-197.619522
-200.755264
-203.810562
-206.781357
-209.663483
-212.449570
-215.132675
-217.709015
-220.176865
-222.537140
-224.792633
-226.944748
-228.990143
-230.925690
-232.754547
-234.482605
-236.114349
-237.652802
-239.101379
-240.462067
-241.737595
-242.939484
-244.080627
-245.164429
-246.191879
-247.168533
-248.101501
-249.000153
-249.874283
-250.727417
-251.561218
-252.400375
-253.270370
-254.155945
-255.040970
-255.927017
-256.811432
-257.692322
-258.571716
-259.453003
-260.336609
-261.216675
-262.087616
-262.945740
-263.785461
-264.604553
-265.405090
-266.189392
-266.960083
-267.717682
-268.458130
-269.177582
-269.875427
-270.549408
-271.192810
-271.798950
-272.362030
-272.877594
-273.342865
-273.755249
-274.114014
-274.416779
-274.656860
-274.827881
-274.925537
-274.943695
-274.879974
-274.737549
-274.513214
-274.202667
-273.807800
-273.330872
-272.775269
-272.146729
-271.447845
-270.680023
-269.846893
-268.951721
-267.999084
-266.993469
-265.935822
-264.827759
-263.674469
-262.482025
-261.255981
-260.001709
-258.723724
-257.425781
-256.112488
-254.788376
-253.457748
-252.125519
-250.794983
-249.466873
-248.144699
-246.834961
-245.542557
-244.272110
-243.028046
-241.813232
-240.630356
-239.482697
-238.372299
-237.299683
-236.264236
-235.266708
-234.308502
-233.388489
-232.505829
-231.662430
-230.858719
-230.089478
-229.344406
-228.612137
-227.888336
-227.170547
-226.451889
-225.728149
-224.995316
-224.243256
-223.459412
-222.633148
-221.754623
-220.813416
-219.798141
-218.696579
-217.500549
-216.203033
-214.793869
-213.264175
-211.602051
-209.796951
-207.850052
-205.767197
-203.548660
-201.190002
-198.687851
-196.042969
-193.260147
-190.343842
-187.297485
-184.124191
-180.822281
-177.390305
-173.833679
-170.159882
-166.375214
-162.488022
-158.508942
-154.446548
-150.309586
-146.110794
-141.862854
-137.579407
-133.275436
-128.959442
-124.635452
-120.308044
-115.984070
-111.670135
-107.373276
-103.101997
-98.860962
-94.651482
-90.473038
-86.322983
-82.199776
-78.104332
-74.033684
-69.983849
-65.954483
-61.939995
-57.931137
-53.925274
-49.925442
-45.930363
-41.933933
-37.933758
-33.926830
-29.911324
-25.888969
-21.855518
-17.807592
-13.746841
-9.672777
-5.584251
-1.480529
2.636638
6.759613
10.881387
15.000090
19.112183
23.209736
27.286177
31.337648
35.360115
39.348343
43.295246
47.194759
51.049480
54.862656
58.628407
62.340107
65.992134
69.579857
73.100296
76.553833
79.942299
83.258850
86.494896
89.642281
92.692924
95.644745
98.495193
101.240898
103.881569
106.418098
108.850441
111.176285
113.393890
115.503464
117.505363
119.400414
121.188194
122.868790
124.445557
125.921173
127.297676
128.576462
129.758331
130.847992
131.850510
132.768005
133.600952
134.349976
135.018478
135.606796
136.114594
136.550797
136.925461
137.245224
137.515167
137.739182
137.925964
138.085693
138.225098
138.351379
138.473892
138.596802
138.717133
138.833755
138.951508
139.077179
139.212387
139.353439
139.498199
139.647736
139.802338
139.960571
140.119644
140.276505
140.428955
140.558105
140.645416
140.705231
140.750687
140.779114
140.784134
140.757187
140.698471
140.607834
140.480667
140.315353
140.111801
139.875549
139.614059
139.328629
139.018097
138.682404
138.321564
137.937012
137.532242
137.107864
136.664871
136.206665
135.733734
135.245209
134.739182
134.212845
133.664871
133.092300
132.492996
131.867752
131.214935
130.530884
129.810028
129.048813
128.250824
127.419594
126.554367
125.657265
124.737686
123.805771
122.863983
121.910149
120.947456
119.980354
119.007576
118.030334
117.055031
116.088181
115.131882
114.183922
113.244278
112.315338
111.398003
110.488594
109.580414
108.667366
107.745331
106.813828
105.875900
104.933090
103.983414
103.022507
102.044815
101.050232
100.041824
99.019417
97.979370
96.918190
95.837456
94.739738
93.625114
92.494019
91.347580
90.185867
89.006897
87.807716
86.588654
85.350761
84.091576
82.807373
81.494583
80.152252
78.782646
77.387299
75.967361
74.526779
73.068672
71.592575
70.097038
68.583115
67.057083
65.525711
63.992027
62.459305
60.932430
59.416111
57.914509
56.429523
54.962955
53.517212
52.092148
50.687244
49.302673
47.938572
46.595379
45.271404
43.964996
42.676628
41.403950
40.143269
38.889977
37.639618
36.391739
35.143105
33.887806
32.623306
31.351017
30.074396
28.794340
27.511715
26.231539
24.955860
23.685242
22.424757
21.173697
19.928572
18.695784
17.484268
16.297718
15.135120
13.993376
12.870864
11.769135
10.690353
9.633081
8.597650
7.586787
6.602389
5.646594
4.718976
3.818047
2.943725
2.096246
1.277543
0.490133
-0.267088
-0.997319
-1.702283
-2.381933
-3.037651
-3.673244
-4.289616
-4.883479
-5.451352
-5.992706
-6.508466
-6.997463
-7.458263
-7.890916
-8.295513
-8.671130
-9.018666
-9.343557
-9.651069
-9.943507
-10.225554
-10.503826
-10.779819
-11.052533
-11.324152
-11.596429
-11.867565
-12.135132
-12.396098
-12.646162
-12.882936
-13.104491
-13.307244
-13.490213
-13.653178
-13.793513
-13.909767
-14.003366
-14.079550
-14.142693
-14.196327
-14.245961
-14.289930
-14.322802
-14.342501
-14.346000
-14.333197
-14.306107
-14.264251
-14.209627
-14.146270
-14.076335
-14.009229
-13.952961
-13.895005
-13.825393
-13.744652
-13.647030
-13.528405
-13.390419
-13.233631
-13.060350
-12.880145
-12.704333
-12.539272
-12.385841
-12.244869
-12.118186
-12.004393
-11.902474
-11.813181
-11.736170
-11.667954
-11.602377
-11.534900
-11.459410
-11.369684
-11.264630
-11.141823
-10.999649
-10.839372
-10.660141
-10.463257
-10.254529
-10.038176
-9.815126
-9.588731
-9.364659
-9.145929
-8.934391
-8.732165
-8.537446
-8.349180
-8.168090
-7.989629
-7.811855
-7.636038
-7.458515
-7.274716
-7.081641
-6.877811
-6.661468
-6.432678
-6.196756
-5.957082
-5.714131
-5.469408
-5.225063
-4.983167
-4.741525
-4.497677
-4.253089
-4.008132
-3.763159
-3.519907
-3.279350
-3.040677
-2.802756
-2.565544
-2.329344
-2.092008
-1.851119
-1.606098
-1.356744
-1.101820
-0.835960
-0.553314
-0.250714
0.075213
0.428381
0.810427
1.220796
1.658915
2.126981
2.630555
3.174945
3.762415
4.394735
5.075642
5.809361
6.598147
7.438514
8.326334
9.263844
10.253479
11.296114
12.394262
13.550266
14.765254
16.038486
17.370567
18.763737
20.219021
21.737326
23.318386
24.964298
26.682571
28.478598
30.352570
32.303871
34.333199
36.441113
38.628387
40.897411
43.247227
45.676445
48.187107
50.776539
53.439610
56.174408
58.979706
61.852467
64.788628
67.783142
70.831062
73.929672
77.075890
80.267059
83.501259
86.774117
90.077194
93.401634
96.743759
100.101395
103.483231
106.896553
110.321838
113.739563
117.141411
120.520088
123.869995
127.182289
130.448151
133.661270
136.816330
139.910370
142.936813
145.885208
148.750473
151.530319
154.221588
156.838089
159.394638
161.874527
164.263199
166.562469
168.770340
170.884979
172.905853
174.831161
176.660751
178.394180
180.029129
181.569717
183.021133
184.381866
185.652695
186.837601
187.940903
188.963364
189.901672
190.754837
191.526932
192.225433
192.852081
193.403458
193.883331
194.301697
194.667206
194.983734
195.252319
195.476471
195.661697
195.811249
195.925903
196.007507
196.056091
196.067932
196.042618
195.984711
195.899353
195.789734
195.656204
195.499176
195.319351
195.115402
194.885010
194.626007
194.335968
194.011230
193.646866
193.237885
192.781311
192.274979
191.712372
191.081024
190.371811
189.583008
188.707855
187.737152
186.667099
185.496567
184.228821
182.866089
181.408539
179.858582
178.216583
176.482651
174.657715
172.736557
170.710754
168.584213
166.373367
164.090729
161.742462
159.331833
156.856476
154.312851
151.703873
149.039780
146.331573
143.584671
140.803635
137.999176
135.183411
132.364502
129.548233
126.741241
123.950935
121.183037
118.454865
115.780602
113.148041
110.547455
107.977806
105.438393
102.932327
100.459084
98.018806
95.613678
93.243668
90.910088
88.614494
86.355537
84.132927
81.950157
79.810890
77.717552
75.671021
73.671021
71.716873
69.804382
67.928734
66.088394
64.284622
62.516846
60.779922
59.071644
57.395771
55.753448
54.141190
52.559437
51.012054
49.499237
48.021458
46.583675
45.190594
43.844597
42.545818
41.292927
40.087368
38.934307
37.837593
36.799110
35.822685
34.914356
34.077408
33.311413
32.617264
31.999535
31.462543
31.007883
30.638374
30.355219
30.158407
30.052341
30.041136
30.124086
30.300734
30.573292
30.941669
31.404943
31.963142
32.613720
33.354439
34.183029
35.094738
36.086960
37.159515
38.312473
39.543335
40.844719
42.204876
43.612068
45.059803
46.543861
48.058388
49.595608
51.148010
52.706245
54.263039
55.817318
57.365967
58.905285
60.433464
61.944256
63.429230
64.883423
66.303513
67.688782
69.038933
70.349899
71.616425
72.834892
74.004669
75.126625
76.201675
77.228996
78.207893
79.139824
80.026291
80.869812
81.676033
82.450439
83.195236
83.914658
84.616997
85.308876
85.993225
86.672485
87.349045
88.025902
88.709412
89.405022
90.114090
90.836884
91.572914
92.319283
93.075264
93.843979
94.628067
95.427597
96.239151
97.059059
97.889008
98.735489
99.602623
100.480789
101.360664
102.255264
103.177795
104.128021
105.105690
106.114693
107.156647
108.226433
109.319794
110.435028
111.568375
112.714447
113.866646
115.017899
116.162460
117.297585
118.419945
119.522858
120.600296
121.647491
122.664116
123.651276
124.606941
125.531982
126.425209
127.279228
128.088715
128.850708
129.562408
130.220856
130.822571
131.369171
131.863663
132.304840
132.684998
132.994690
133.235748
133.413528
133.529037
133.581985
133.572159
133.501221
133.371521
133.186813
132.950455
132.665039
132.335220
131.965179
131.558670
131.118668
130.647003
130.146210
129.616669
129.059479
128.481689
127.892876
127.301254
126.712967
126.131500
125.558815
125.001648
124.467529
123.957397
123.473175
123.020508
122.601997
122.214172
121.852943
121.517502
121.209099
120.927505
120.666550
120.420235
120.190475
119.982552
119.798035
119.632126
119.477409
119.330185
119.188988
119.048920
118.902809
118.746902
118.581429
118.408020
118.225807
118.029808
117.815567
117.580566
117.323120
117.039543
116.722458
116.366226
115.966522
115.521339
115.036812
114.515419
113.949829
113.333405
112.664352
111.945900
111.178444
110.357536
109.478630
108.537086
107.533386
106.472626
105.356651
104.185921
102.963753
101.693405
100.379471
99.027832
97.640388
96.213417
94.746193
93.254791
91.757538
90.255684
88.748009
87.239960
85.735748
84.235603
82.739372
81.248993
79.769470
78.308029
76.866043
75.440277
74.031769
72.642189
71.270691
69.918526
68.586502
67.271896
65.969292
64.672737
63.378925
62.084328
60.783806
59.471371
58.141972
56.796001
55.435596
54.059357
52.666298
51.256893
49.830929
48.387867
46.927559
45.451981
43.964111
42.466129
40.955612
39.426414
37.891827
36.370224
34.855579
33.345909
31.850460
30.376720
28.931870
27.518246
26.137711
24.795151
23.495218
22.238503
21.021669
19.842499
18.700542
17.596716
16.526964
15.483496
14.466796
13.477643
12.514305
11.579959
10.675533
9.798393
8.945614
8.111904
7.294583
6.494185
5.709457
4.935335
4.165530
3.398169
2.633882
1.873272
1.114476
0.356742
-0.394033
-1.133570
-1.861255
-2.576510
-3.281936
-3.980052
-4.669108
-5.345340
-6.005489
-6.646789
-7.266950
-7.865191
-8.440095
-8.985447
-9.496000
-9.975816
-10.430592
-10.862365
-11.272429
-11.657879
-12.012811
-12.339601
-12.646854
-12.937307
-13.210828
-13.470100
-13.717381
-13.949285
-14.156639
-14.333788
-14.480906
-14.597851
-14.683832
-14.738133
-14.760107
-14.750567
-14.712438
-14.646830
-14.553455
-14.434522
-14.290790
-14.126863
-13.949298
-13.754661
-13.538973
-13.303663
-13.049438
-12.774560
-12.479133
-12.169209
-11.851335
-11.529388
-11.209549
-10.897065
-10.591402
-10.290644
-9.992935
-9.696836
-9.400957
-9.104305
-8.808719
-8.516315
-8.228431
-7.946693
-7.670571
-7.396754
-7.123099
-6.849980
-6.579504
-6.313343
-6.050663
-5.789958
-5.530822
-5.273908
-5.018793
-4.764372
-4.511323
-4.260993
-4.013981
-3.770856
-3.532860
-3.301879
-3.079021
-2.862903
-2.652530
-2.451121
-2.263159
-2.089106
-1.926598
-1.774388
