7.2945
7.3172
7.2945
7.3172
7.3399
7.3172
7.3172
7.3172
7.3399
7.3172
7.3172
7.3172
7.3172
7.3399
7.3172
7.3172
7.3172
7.3399
7.3172
7.3172
7.3399
7.3854
7.4081
7.4308
7.4990
7.5445
7.5672
7.6581
7.7035
7.8171
7.8399
7.9080
7.9308
8.0217
8.0898
8.1580
8.2034
8.3625
8.3398
8.4307
8.4761
8.5670
8.6579
8.7488
8.8170
8.8852
8.9988
9.0669
9.1806
9.2715
9.3624
9.4760
9.5441
9.7032
9.7941
9.9304
10.0213
10.0895
10.2031
10.2940
10.4076
10.5213
10.6122
10.6803
10.7940
10.8848
10.9757
11.0439
11.1348
11.2030
11.2484
11.3393
11.3620
11.4529
11.4984
11.5893
11.6347
11.6347
11.6802
11.7256
11.7256
11.7711
11.8165
11.7711
11.8165
11.8165
11.8392
11.8392
11.8392
11.8392
11.8165
11.8392
11.8165
11.8392
11.8392
11.8392
11.8847
11.8847
11.8165
11.8392
11.8392
11.8165
11.8165
11.7711
11.7711
11.7256
11.6802
11.7029
11.6575
11.6347
11.6120
11.5893
11.5893
11.5438
11.4984
11.4757
11.4529
11.4075
11.3620
11.3393
11.3393
11.3166
11.2484
11.2484
11.2030
11.1803
11.1803
11.1575
11.1348
11.1121
11.1121
11.0666
11.0439
11.0439
11.0439
10.9985
11.0212
10.9985
10.9985
10.9985
11.0894
11.0212
10.9985
10.9985
10.9985
10.9985
11.0212
11.0212
10.9985
10.9985
10.9985
10.9985
10.9985
10.9985
10.9985
10.9985
10.9985
10.9076
10.9985
10.9985
10.9985
10.9757
10.9985
10.9985
10.9757
10.9985
10.9985
10.9985
10.9985
10.9985
10.9985
10.9985
10.9757
10.9985
10.9757
10.9985
10.9985
10.9985
10.9985
10.9985
10.9985
10.9757
10.9985
10.9985
10.9985
10.9985
10.9985
10.9985
10.9985
10.9985
10.9985
10.9985
10.9985
10.9985
10.9985
10.9985
10.9985
10.9985
11.0212
10.9985
10.9985
11.0212
10.9757
10.9985
11.0212
10.9985
10.9985
10.9985
10.9985
10.9757
10.9985
11.0212
10.9985
10.9757
10.9985
10.9985
10.9985
10.9985
10.9985
10.9985
10.9985
10.9985
10.9757
10.9757
10.9985
10.9985
10.9985
10.9985
10.9757
10.9985
10.9985
11.0212
10.9985
10.9757
10.9985
10.9985
10.9985
10.9985
10.9985
10.9985
10.9985
10.9757
10.9985
11.1803
10.9985
10.9985
10.9757
11.0212
10.9985
10.9757
11.0212
11.0212
10.9985
10.9985
10.9985
10.9985
10.9985
10.9985
10.9985
10.9985
11.0212
10.9985
10.9985
11.0212
10.9985
10.9985
10.9985
10.9985
10.9985
10.9985
10.9985
10.9985
10.9985
10.9985
10.9985
10.9985
11.0212
10.9985
10.9985
10.9985
10.9757
10.9985
10.9985
11.0212
10.9985
10.9757
10.9985
10.9985
10.9757
10.9757
10.9985
10.9985
10.9985
10.9757
10.9985
10.9985
10.9985
10.9985
10.9985
11.0212
10.9985
10.9985
10.9985
11.0212
10.9985
10.9985
10.9985
11.0439
11.0212
10.9985
10.9985
10.9985
11.0212
10.9757
10.9985
11.0666
10.9985
10.9757
11.0212
10.9985
10.9985
10.9985
10.9985
11.0212
10.9757
10.9530
10.9985
10.9985
10.9985
10.9985
10.9985
10.9985
10.9985
10.9985
10.9985
11.0212
11.0212
10.9757
10.9985
10.9985
10.9757
10.9985
10.9985
10.9985
10.9985
10.9757
10.9985
10.9985
10.9985
10.9985
10.9985
11.0212
10.9985
10.9985
10.9985
11.0212
10.9985
10.9985
10.9985
11.0212
10.9985
10.9985
10.9985
10.9985
10.9985
10.9757
10.9757
10.9985
10.9985
10.9757
10.9985
11.0212
10.9985
10.9985
10.9985
11.0212
10.9757
10.9985
10.9530
10.9985
10.9985
10.9985
10.9985
11.0212
10.9985
10.9985
11.0212
11.0212
10.9985
11.0212
11.0212
10.9985
10.9985
10.9985
10.9985
10.9985
10.9985
10.9985
10.9985
11.0212
10.9985
10.9985
10.9757
11.0212
10.9757
10.9985
11.0212
10.9757
10.9985
10.9985
10.9985
11.0212
10.9985
10.9985
10.9985
10.9985
10.9985
10.9757
10.9985
11.0212
10.9985
10.9757
10.9985
10.9985
10.9985
10.9985
10.9985
10.9985
10.9985
10.9757
10.9985
10.9985
10.9985
10.9985
10.9757
10.9985
10.9985
10.9985
11.0212
11.0212
10.9985
10.9985
10.9985
10.9985
10.9985
10.9985
11.0212
10.9985
10.9985
10.9757
10.9985
10.9985
10.9985
10.9985
10.9757
11.0212
10.9985
10.9757
10.9985
10.9985
10.9757
10.9985
10.9985
10.9985
11.0439
10.9985
10.9985
10.9985
10.9985
10.9985
10.9985
10.9985
10.9985
10.9757
10.9985
10.9985
10.9985
10.9985
10.9985
10.9985
10.9985
11.0212
10.9985
10.9985
10.9985
10.9985
10.9985
10.9985
10.9985
10.9985
10.9985
10.9985
10.9985
10.9985
10.9985
10.9985
10.9985
10.9985
10.9985
10.9985