2.3009
2.3350
2.3066
2.3009
2.3066
2.3066
2.2953
2.3009
2.3123
2.3066
2.3009
2.3180
2.3464
2.3577
2.3691
2.3975
2.4146
2.4430
2.4543
2.4657
2.4941
2.5168
2.5509
2.5850
2.5963
2.6248
2.6475
2.6588
2.6929
2.7384
2.7554
2.7838
2.8065
2.8577
2.8974
2.9145
2.9429
2.9770
2.9997
3.0167
3.0792
3.1304
3.1474
3.1872
3.2383
3.2894
3.3178
3.3519
3.4144
3.4655
3.4996
3.5167
3.5905
3.6416
3.6814
3.7269
3.7723
3.8291
3.8632
3.9143
3.9711
4.0109
4.0393
4.0734
4.1245
4.1416
4.1813
4.2325
4.2665
4.2950
4.3290
4.3518
4.3915
4.4086
4.4427
4.4540
4.4767
4.5051
4.5108
4.5279
4.5449
4.5676
4.5620
4.5676
4.5904
4.5960
4.5904
4.6017
4.5960
4.6017
4.6131
4.5960
4.5790
4.6131
4.6017
4.5960
4.5904
4.5733
4.5733
4.5563
4.5563
4.5336
4.5165
4.5108
4.5051
4.4938
4.4881
4.4597
4.4427
4.4427
4.3631
4.3915
4.3631
4.3518
4.3574
4.3177
4.3006
4.2836
4.2552
4.2268
4.2268
4.1927
4.1813
4.1643
4.1586
4.1245
4.1075
4.0904
4.0677
4.0564
4.0450
4.0223
4.0109
4.0052
3.9882
3.9711
3.9711
3.9655
3.9427
3.9371
3.9371
3.9314
3.9200
3.9086
3.9200
3.9200
3.9086
3.9143
3.9143
3.9143
3.9143
3.9086
3.9086
3.9143
3.9143
3.9086
3.9143
3.9200
3.9143
3.9143
3.9143
3.9257
3.9257
3.9314
3.9371
3.9314
3.9371
3.9314
3.9541
3.9598
3.9655
3.9711
3.9711
3.9825
3.9882
3.9939
3.9939
3.9995
4.0052
4.0052
4.0166
4.0109
4.0279
4.0393
4.0336
4.0393
4.0450
4.0450
4.0450
4.0507
4.0564
4.0507
4.0564
4.0564
4.0507
4.0564
4.0564
4.0677
4.0620
4.0677
4.0677
4.0620
4.0734
4.0734
4.0677
4.1075
4.0734
4.0677
4.0677
4.0791