7.2945
7.2945
7.2945
7.2945
7.2945
7.2945
7.2945
7.2945
7.2945
7.3172
7.3172
7.3172
7.3172
7.3172
7.3172
7.3172
7.3172
7.3172
7.3172
7.3172
7.3172
7.3172
7.3172
7.3627
7.3627
7.3627
7.3627
7.3627
7.3627
7.3627
7.3627
7.3627
7.3627
7.3627
7.3627
7.3627
7.3627
7.3627
7.3627
7.3627
7.3627
7.3627
7.3627
7.3627
7.3627
7.3627
7.3627
7.3854
7.4081
7.4536
7.4990
7.5217
7.6353
7.6353
7.6353
7.7035
7.7262
7.7717
7.7944
7.8626
7.8853
7.9308
7.9762
8.0217
8.0444
8.0898
8.1580
8.2262
8.2943
8.3171
8.3852
8.4080
8.4307
8.5216
8.5897
8.6125
8.7034
8.7715
8.8170
8.8624
8.9079
8.9760
9.0442
9.1124
9.2033
9.2260
9.2942
9.3624
9.4078
9.4987
9.5441
9.6123
9.7032
9.7941
9.8623
9.9077
9.9532
10.0441
10.1350
10.2031
10.2713
10.3622
10.3849
10.4531
10.5213
10.5894
10.6349
10.6349
10.6576
10.6803
10.6803
10.6803
10.6803
10.6803
10.6803
10.6803
10.6803
10.6803
10.6803
10.6803
10.6803
10.6803
10.6803
10.6803
10.6803
10.6803
10.6803
10.6803
10.6803
10.6803
10.6803
10.6803
10.6803
10.6803
10.6803
10.6803
10.6803
10.6803
10.6803
10.6803
10.6803
10.6803
10.6803
10.6803
10.6803
10.6803
10.6803
10.6803
10.6803
10.6803
10.6803
10.6803
10.6803
10.6803
10.6803
10.6803
10.6803
10.6803
10.6803
10.6803
10.6803
10.6803
10.6803
10.6803
10.6803
10.6803
10.6803
10.6803
10.6803
10.6803
10.6803
10.6803
10.6803
10.6803
10.7031
10.7031
10.7031
10.7031
10.7031
10.7031
10.7031
10.7031
10.7031
10.7031
10.7031
10.7031
10.7031
10.7031
10.7031
10.7031
10.7031
10.7031
10.7031
10.7031
10.7031
10.7031
10.7031
10.7031
10.7031
10.7031
10.7031
10.7031
10.7031
10.7031
10.7031
10.7031
10.7031
10.7031
10.7031
10.7031
10.7031
10.7031
10.7031
10.7031
10.7031
10.7031
10.7031
10.7031
10.7031
10.7031
10.7031
10.7031
10.7031
10.7031
10.7031
10.7031
10.7031
10.7031
10.7031
10.7031
10.7031
10.7031
10.7031
10.7031
10.7031
10.7031
10.7031
10.7031
10.7031
10.7031
10.7031
10.7031
10.7031
10.7031
10.7031
10.7031
10.7031
10.7031
10.7031
10.7031
10.7031
10.7031
10.7031
10.7031
10.7031
10.7031
10.7031
10.7031
10.7031
10.7031
10.7031
10.7031
10.7031
10.7031
10.7031
10.7031
10.7031
10.7031
10.7031
10.7031
10.7031
10.7031
10.7031
10.7031
10.7031
10.7031
10.7031
10.7031
10.7031
10.7031
10.7031
10.7031
10.7031
10.7031
10.7031
10.7031
10.7031
10.7031
10.7031
10.7031
10.7031
10.7031
10.7031
10.7031
10.7031
10.7031
10.7031
10.7031
10.7031
10.7031
10.7031
10.7031
10.7031
10.7031
10.7031
10.7031
10.7031
10.7031
10.7031
10.7031
10.7031
10.7031
10.7031
10.7031
10.7031
10.7031
10.7031
10.7031
10.7031
10.7031
10.7031
10.7031
10.7031
10.7031
10.7031
10.7031
10.7031
10.7031
10.7031
10.7031
10.7031
10.7031
10.7031
10.7031
10.7031
10.7031
10.7031
10.7031
10.7031
10.7031
10.7031
10.7031
10.7031
10.7031
10.7031
10.7031
10.7031
10.7031
10.7031
10.7031
10.7031
10.7031
10.7031
10.7031
10.7031
10.7031
10.7031
10.7031
10.7031
10.7031
10.7031
10.7031
10.7031
10.7031
10.7031
10.7031
10.7031
10.7031
10.7031
10.7031
10.7031
10.7031
10.7031
10.7031
10.7031
10.7031
10.7031
10.7031
10.7031
10.7031
10.7031
10.7031
10.7031
10.7031
10.7031
10.7031
10.7031
10.7031
10.7031
10.7031
10.7031
10.7031
10.7031
10.7031
10.7031
10.7031
10.7031
10.7031
10.7031
10.7031
10.7031
10.7031
10.7031
10.7031
10.7031
10.7031
10.7031
10.7031
10.7031
10.7031
10.7031
10.7031
10.7258
10.7258
10.7258
10.7258
10.7258
10.7258
10.7258
10.7258
10.7258
10.7258
10.7258
10.7258
10.7258
10.7258
10.7258
10.7258
10.7258
10.7258
10.7258
10.7258
10.7258
10.7258
10.7258
10.7258
10.7258
10.7258
10.7258
10.7258
10.7258
10.7258
10.7258
10.7258
10.7258
10.7258
10.7258
10.7258
10.7258
10.7258
10.7258
10.7258
10.7258
10.7258
10.7258
10.7258
10.7258
10.7258
10.7258
10.7258
10.7258
10.7258
10.7258
10.7258
10.7258
10.7258
10.7258
10.7258
10.7258
10.7258
10.7258
10.7258
10.7258
10.7258
10.7258
10.7258
10.7258
10.7258
10.7258
10.7258
10.7258
10.7258
10.7258
10.7258
10.7258
10.7258
10.7258
10.7258
10.7258
10.7258
10.7258
10.7258
10.7258
10.7258
10.7258
10.7258
10.7258
10.7258
10.7258
10.7258