2.2953
2.2953
2.2953
2.2725
2.2953
2.2953
2.2953
2.3180
2.2953
2.3180
2.3180
2.3180
2.3180
2.3862
2.3862
2.4089
2.4316
2.4543
2.4543
2.4998
2.4998
2.5225
2.5679
2.5679
2.5907
2.6361
2.6588
2.6816
2.7043
2.7497
2.7725
2.7952
2.8406
2.8406
2.9088
2.9315
2.9542
2.9770
3.0224
3.0451
3.0906
3.1360
3.1815
3.2042
3.2269
3.2951
3.3178
3.3633
3.4087
3.4542
3.4996
3.5451
3.5905
3.6360
3.6814
3.7269
3.7723
3.8178
3.8632
3.9086
3.9541
3.9995
4.0450
4.0904
4.1132
4.1586
4.1813
4.2268
4.2722
4.2722
4.3404
4.3631
4.3858
4.4086
4.4313
4.4540
4.4767
4.4995
4.5222
4.5449
4.5449
4.5676
4.5904
4.5904
4.6131
4.6131
4.6358
4.6358
4.6358
4.6358
4.6585
4.6358
4.6585
4.6358
4.6358
4.6585
4.6585
4.7040
4.6358
4.6358
4.6131
4.6131
4.6131
4.5904
4.5676
4.5449
4.5449
4.5449
4.5222
4.4995
4.4995
4.4767
4.4540
4.4313
4.4313
4.3858
4.3858
4.3631
4.3404
4.3177
4.2722
4.2722
4.2495
4.2268
4.2041
4.1813
4.1813
4.1359
4.1359
4.0904
4.0904
4.0450
4.0450
4.0223
3.9995
3.9995
3.9768
3.9541
3.9541
3.9314
3.9086
3.9086
3.9086
3.8859
3.8859
3.8859
3.8859
3.8632
3.8632
3.8632
3.8632
3.8405
3.8632
3.8632
3.8632
3.8632
3.8632
3.8632
3.8405
3.8632
3.8632
3.8632
3.8632
3.8632
3.8632
3.8859
3.8859
3.8859
3.8859
3.8859
3.9086
3.9086
3.9086
3.9314
3.9314
3.9314
3.9314
3.9314
3.9541
3.9541
3.9541
3.9541
3.9768
3.9768
3.9995
3.9995
3.9995
4.0223
4.0223
4.0223
4.0223
4.0450
4.0450
4.0450
4.0450
4.0450
4.0677
4.0677
4.0677
4.0677
4.0677
4.0677
4.0677
4.0677
4.0904
4.0904
4.0904
4.1132
4.0677
4.0904
4.0677
4.0904
4.0904
4.0677
4.0677
4.0677
4.0677
4.0677
4.0904
4.0677
4.0904
4.0677
4.0677
4.0677
4.0904
4.0904
4.0677
4.0677
4.0904
4.0677
4.0904
4.0677
4.0677
4.0904
4.0677
4.0677
4.0677
4.0904
4.0904
4.0677
4.0677
4.0677
4.0904
4.0904
4.0904
4.0677
4.0904
4.0677
4.0677
4.0677
4.0904
4.0904
4.0677
4.0904
4.0677
4.0677
4.0904
4.0904
4.0677
4.0904
4.0904
4.0677
4.0904
4.0677
4.0904
4.0677
4.0677
4.0904
4.0677
4.0904
4.0904
4.0904
4.0904
4.0904
4.0450
4.0677
4.0904
4.0904
4.0677
4.0677
4.0904
4.0677
4.0904
4.0904
4.0904
4.0904
4.0677
4.0904
4.0677
4.0904
4.0677
4.0677
4.0677
4.0677
4.0677
4.0904
4.0904
4.0677
4.0904
4.0677
4.0904
4.1359
4.0677
4.0904
4.0677
4.0677
4.0904
4.0677
4.0904
4.0904
4.0904
4.0904
4.0677
4.0904
4.0677
4.0677
4.0904
4.0904
4.0677
4.0904
4.0677
4.0904
4.0904
4.0677
4.0904
4.0904
4.0904
4.0677
4.0904
4.0904
4.0677
4.0904
4.0677
4.0904
4.0904
4.0904
4.0904
4.0904
4.0677
4.0677
4.0677
4.0904
4.0677
4.0677
4.0904
4.0677
4.0677
4.0904
4.0904
4.0677
4.0904
4.0677
4.0677
4.0677
4.0904
4.0904
4.0677
4.0677
4.0904
4.0677
4.0904
4.0904
4.0677
4.0904
4.0904
4.0904
4.0904
4.0904
4.0904
4.0677
4.0677
4.0904
4.0904
4.0904
4.0904
4.0677
4.0904
4.0904
4.0677
4.0904
4.0904
4.0904
4.0677
4.0677
4.0904
4.0677
4.0904
4.0904
4.0904
4.0904
4.0904
4.0677
4.0904
4.0904
4.0904
4.0904
4.0223
4.0904
4.0904
4.0904
4.0904
4.0904
4.0904
4.0677
4.0904
4.0450
4.0904
4.0904
4.0677
4.0904
4.0450
4.0677
4.0677
4.0904
4.0904
4.0904
4.0904
4.0904
4.0677
4.0904
4.0677
4.0677
4.0677
4.0677
4.0904
4.0904
4.0904
4.0677
4.0904
4.0677
4.0677
4.0677
4.0904
4.0677
4.0904
4.0677
4.0904
4.0904
4.0904
4.0677
4.0904
4.0677
4.0677
4.0677
4.0677
4.0904
4.0677
4.0677
4.0904
4.0677
4.0677
4.0904
4.0904
4.0677
4.0904
4.0904
4.0677
4.0904
4.0904
4.0904
4.0677
4.0677
4.0677
4.0677
4.0904
4.0904
4.0904
4.0904
4.0904
4.0904
4.0677
4.0904
4.0677
4.0904
4.0677
4.0677
4.0904
4.0904
4.0904
4.0677
4.0904
4.0904
4.0904
4.0904
4.0904
4.0677
4.0677
4.0904
4.0904
4.0904
4.0904
4.0677
4.0677
4.0904
4.0904
4.0677
4.0904
4.0904
4.0904
4.0677