2.1958
2.1845
2.1958
2.2186
2.2044
2.2044
2.2157
2.2072
2.2299
2.2186
2.2100
2.2271
2.2356
2.2271
2.2271
2.2470
2.2441
2.2470
2.2669
2.2612
2.2612
2.2754
2.2839
2.2896
2.3123
2.3237
2.3208
2.3208
2.3379
2.3407
2.3492
2.3748
2.3890
2.3975
2.4117
2.4060
2.4117
2.4288
2.4344
2.4685
2.4799
2.4685
2.4856
2.5140
2.5225
2.5310
2.5481
2.5594
2.5651
2.5821
2.6134
2.6134
2.6475
2.6446
2.6617
2.6787
2.6958
2.7156
2.7327
2.7497
2.7583
2.7781
2.7923
2.8094
2.8492
2.8492
2.8548
2.8832
2.8974
2.9344
2.9344
2.9599
2.9883
2.9940
3.0054
3.0253
3.0508
3.0906
3.1133
3.1275
3.1389
3.1673
3.1843
3.2042
3.2298
3.2468
3.2724
3.2894
3.3178
3.3434
3.3633
3.3888
3.4144
3.4030
3.4314
3.4400
3.4570
3.4769
3.4911
3.4883
3.4911
3.4911
3.4883
3.4854
3.4911
3.4996
3.4996
3.5025
3.5195
3.4996
3.5195
3.5110
3.4996
3.4854
3.4854
3.4741
3.4883
3.4655
3.4797
3.4570
3.4570
3.4428
3.4229
3.4314
3.4059
3.3888
3.3888
3.3690
3.3604
3.3349
3.3093
3.3178
3.2667
3.2979
3.3065
3.3121
3.3264
3.2951
3.2809
3.2610
3.2667
3.2639
3.2553
3.2639
3.2837
3.2639
3.2752
3.2639
3.2639
3.2809
3.2724
3.2951
3.3008
3.2809
3.3065
3.3121
3.3150
3.2923
3.2979
3.3008
3.3235
3.3462
3.3292
3.3292
3.3292
3.3548
3.3519
3.3633
3.3548
3.3718
3.3548
3.3690
3.3746
3.3690
3.3888
3.3746
3.3548
3.3746
3.3718
3.3775
3.3718
3.3633
3.3434
3.3377
3.3292
3.3235
3.3377
3.3320
3.3406
3.3264
3.3207
3.3178
3.3235
3.3377
3.3207
3.3207
3.3178
3.3207
3.3178
3.3207
3.3235
3.3207
3.3349
3.3264
3.3548
3.3377
3.3519
3.3519
3.3548
3.3320
3.3434
3.3746
3.3548
3.3377
3.3519
3.3519
3.3349
3.3292
3.3406
3.3519
3.3576
3.3292
3.3434
3.3320
3.3434
3.3434
3.3320
3.3292
3.3434
3.3320
3.3235
3.3207
3.3434
3.3434
3.3406
3.3264
3.3292
3.3349
3.3264
3.3264
3.3434
3.3292
3.3207
3.3207
3.3320
3.3264
3.3320
3.3434
3.3377
3.3491
3.3349
3.3548
3.3462
3.3320
3.3320
3.3377
3.3548
3.3519
3.3434
3.3434
3.3491
3.3576
3.3519
3.3434
3.3406
3.3548
3.3491
3.3349
3.3320
3.3377
3.3406
3.3406
3.3349
3.3349
3.3434
3.3491
3.3377
3.3462
3.3292
3.3235
3.3462
3.3320
3.3320
3.3434
3.3406
3.3292
3.3406
3.3349
3.3462
3.3320
3.3434
3.3320
3.3264
3.3320
3.3292
3.3462
3.3320
3.3377
3.3462
3.3292
3.3320
3.3320
3.3320
3.3548
3.3604
3.3377
3.3519
3.3576
3.3491
3.3349
3.3519
3.3519
3.3320
3.3320
3.3320
3.3377
3.3462
3.3434
3.3292
3.3320
3.3434
3.3292
3.3207
3.3264
3.3292
3.3320
3.3377
3.3434
3.3434
3.3377
3.3406
3.3292
3.3292
3.3434
3.3377
3.3434
3.3349
3.3434
3.3491
3.3207
3.3320
3.3519
3.3434
3.3292
3.3320
3.3462
3.3491
3.3292
3.3462
3.3377
3.3519
3.3320
3.3320
3.3320
3.3462
3.3519
3.3434
3.3320
3.3491
3.3377
3.3491
3.3320
3.3377
3.3434
3.3434
3.3349
3.3491
3.3320
3.3235
3.3349
3.3576
3.3292
3.3207
3.3207
3.3377
3.3264
3.3377
3.3292
3.3377
3.3434
3.3264
3.3406
3.3320
3.3292
3.3462
3.3377
3.3320
3.3320
3.3491
3.3377
3.3519
3.3406
3.3519
3.3519
3.3519
3.3548
3.3320
3.3349
3.3320
3.3320
3.3519
3.3491
3.3320
3.3462
3.3292
3.3207
3.3377
3.3320
3.3377
3.3377
3.3548
3.3406
3.3292
3.3377
3.3264
3.3207
3.3349
3.3462
3.3320
3.3434
3.3491
3.3434
3.3406
3.3434
3.2837
3.3491
3.3292
3.3264
3.3434
3.3349
3.3491
3.3349
3.3434
3.3462
3.3406
3.3434
3.3349
3.3264
3.3519
3.3491
3.3207
3.3207
3.3377
3.3406
3.3207
3.3462
3.3320
3.3406
3.3264
3.3264
3.3377
3.3349
3.3434
3.3292
3.3292
3.3320
3.3434
3.3349
3.3434
3.3349
3.3434
3.3377
3.3519
3.3491
3.3320
3.3434
3.3519
3.3434
3.3292
3.3349
3.3519
3.3320
3.3320
3.3349
3.3462
3.3491
3.3377
3.3491
3.3377
3.3462
3.3320
3.3349
3.3519
3.3434
3.3320
3.3434
3.3519
3.3320
3.3377
3.3519
3.3292
3.3377
3.3406
3.3292
3.3406
3.3462
3.3264
3.3264
3.3349
3.3292