2.1362
2.1362
2.1362
2.1362
2.1362
2.1362
2.1362
2.1362
2.1362
2.1362
2.1362
2.1362
2.1816
2.1816
2.1816
2.2271
2.2271
2.2271
2.2725
2.2725
2.3180
2.3634
2.3634
2.3634
2.4089
2.4089
2.4543
2.4543
2.4998
2.4998
2.5452
2.5907
2.5907
2.6361
2.6816
2.6816
2.7270
2.7725
2.8179
2.8634
2.8634
2.9088
2.9088
2.9997
3.0451
3.0451
3.0906
3.1360
3.1815
3.1815
3.2724
3.3178
3.3633
3.4087
3.4087
3.4542
3.4996
3.5451
3.5905
3.6360
3.6814
3.7269
3.7723
3.8178
3.8632
3.8632
3.9086
3.9541
3.9995
3.9995
4.0450
4.0904
4.1359
4.1813
4.1813
4.2268
4.2722
4.3177
4.3631
4.4086
4.4086
4.4540
4.4995
4.5449
4.5449
4.5904
4.6358
4.6813
4.6813
4.7267
4.6813
4.6813
4.7267
4.7267
4.7267
4.7267
4.6813
4.7267
4.7267
4.7267
4.7267
4.7267
4.7267
4.7267
4.7267
4.7267
4.7267
4.7267
4.7267
4.7267
4.6813
4.7267
4.7267
4.6813
4.6813
4.6813
4.6813
4.6813
4.6813
4.6813
4.6813
4.6813
4.6813
4.6813
4.6813
4.6813
4.6813
4.6813
4.6813
4.6813
4.6813
4.6813
4.6813
4.6813
4.6813
4.6813
4.6813
4.6813
4.6813
4.6813
4.6813
4.6813
4.6813
4.6813
4.6813
4.6813
4.6813
4.6813
4.6813
4.6813
4.6813
4.6813
4.6813
4.6813
4.6813
4.6813
4.6813
4.6813
4.6813
4.6813
4.6813
4.6813
4.6813
4.6813
4.6813
4.6813
4.6813
4.6813
4.6813
4.6813
4.6813
4.6813
4.6813
4.6813
4.6813
4.6813
4.6813
4.6813
4.6813
4.6813
4.6813
4.6813
4.6813
4.6813
4.6813
4.6813
4.6813
4.6813
4.6813
4.6813
4.6813
4.6813
4.6813
4.6813
4.7267
4.6813
4.6813
4.6813
4.6813
4.6813
4.6813
4.6813
4.6813
4.6813
4.6813
4.6813
4.6813
4.6813
4.6813
4.6813
4.6813
4.6813
4.6813
4.6813
4.6813
4.6813
4.6813
4.6813
4.6813
4.6813
4.6813
4.6813
4.6813
4.6813
4.6813
4.6813
4.6813
4.6813
4.6813
4.6813
4.6813
4.6813
4.6813
4.6813
4.6813
4.6813
4.6813
4.6813
4.6813
4.6813
4.6813
4.6813
4.6813
4.6813
4.6813
4.6813
4.6813
4.6813
4.6813
4.6813
4.6813
4.6813
4.6813
4.6813
4.6813
4.6813
4.6813
4.6813
4.6813
4.6813
4.6813
4.6813
4.6813
4.6813
4.6813
4.6813
4.6813
4.6813
4.6813
4.6813
4.6813
4.6813
4.6813
4.6813
4.6813
4.6813
4.6813
4.6813
4.6813
4.6813
4.6813
4.6813
4.6813
4.6813
4.6813
4.7267
4.6813
4.6813
4.6813
4.6813
4.6813
4.6813
4.6813
4.6813
4.6813
4.6813
4.6813
4.6813
4.6813
4.6813
4.6813
4.6813
4.6813
4.6813
4.6813
4.6813
4.6813
4.6813
4.6813
4.6813
4.6813
4.6813
4.6813
4.6813
4.6813
4.6813
4.6813
4.6813
4.6813
4.6813
4.6813
4.6813
4.6813
4.6813
4.6813
4.6813
4.6813
4.6813
4.6813
4.6813
4.6813
4.6813
4.6813
4.6813
4.6813
4.6813
4.6813
4.6813
4.6813
4.6813
4.6813
4.6813
4.6813
4.6813
4.6813
4.7267
4.6813
4.6813
4.6813
4.6813
4.6813
4.6813
4.6813
4.6813
4.6813
4.6813
4.6813
4.6813
4.6813
4.6813
4.6813
4.6813
4.6813
4.6813
4.6813
4.6813
4.6813
4.6813
4.6813
4.6813
4.6813
4.6813
4.6813
4.6813
4.6813
4.6813
4.6813
4.6813
4.6813
4.6813
4.6813
4.6813
4.6813
4.6813
4.6813
4.6813
4.6813
4.6813
4.6813
4.6813
4.6813
4.6813
4.6813
4.6813
4.6813
4.6813
4.6813
4.6813
4.6813
4.7267
4.6813
4.6813
4.6813
4.6813
4.6813
4.6813
4.6813
4.6813
4.6813
4.6813
4.6813
4.6813
4.6813
4.6813
4.6813
4.6813
4.6813
4.6813
4.6813
4.6813
4.6813
4.6813
4.6813
4.6813
4.6813
4.6813
4.6813
4.6813
4.6813
4.6813
4.6813
4.6813
4.6813
4.6813
4.6813
4.6813
4.6813
4.6813
4.6813
4.6813
4.6813
4.6813
4.6813
4.6813
4.6813
4.6813
4.6813
4.6813
4.6813
4.6813
4.6813
4.6813
4.6813
4.6813
4.6813
4.6813
4.6813
4.6813
4.6813
4.6813
4.6813
4.6813
4.6813
4.6813
4.6813
4.6813
4.6813
4.6813
4.6813
4.6813
4.6813
4.6813
4.6813
4.6813
4.6813
4.6813
4.6813
4.6813
4.6813
4.6813
4.6813
4.6813
4.7722
4.6813
4.6813
4.6813
4.6813
4.6813
4.6813
4.6813
4.6813
4.6813
4.6813
4.6813
4.6813
4.6813
4.6813
4.6813
4.6813
4.6813