2.4657
2.4770
2.4770
2.4770
2.4884
2.4998
2.4998
2.5111
2.5111
2.5111
2.5225
2.5679
2.5452
2.5566
2.5566
2.5793
2.5907
2.6020
2.6020
2.6248
2.6475
2.6588
2.6702
2.6929
2.7156
2.7156
2.7497
2.7725
2.7838
2.8065
2.8293
2.8520
2.8634
2.8974
2.9088
2.9429
2.9542
2.9883
2.9883
3.0338
3.0451
3.0679
3.1020
3.1247
3.1588
3.1815
3.2042
3.2383
3.2837
3.2951
3.3178
3.3406
3.3746
3.3860
3.3860
3.4087
3.4201
3.4314
3.4542
3.4655
3.4996
3.4996
3.5110
3.5223
3.5223
3.5223
3.5110
3.5223
3.5110
3.5110
3.5110
3.5451
3.5110
3.5110
3.5110
3.5223
3.5223
3.5110
3.4996
3.4769
3.4542
3.4655
3.4542
3.4542
3.4428
3.4201
3.4087
3.3974
3.3746
3.3633
3.3406
3.3292
3.3178
3.3178
3.3292
3.2951
3.2951
3.2724
3.2610
3.2497
3.2497
3.2497
3.2497
3.2497
3.2497
3.2383
3.2497
3.2497
3.2497
3.2497
3.2497
3.2497
3.2497
3.2497
3.2610
3.2724
3.2837
3.2951
3.2837
3.2951
3.3065
3.3178
3.3292
3.3178
3.3406
3.3519
3.3519
3.3633
3.3519
3.3519
3.3633
3.3633
3.3860
3.3746
3.3633
3.3746
3.3746
3.3860
3.3633
3.3746
3.3633
3.3633
3.3746
3.3746
3.3746
3.3633
3.3519
3.3406
3.3406
3.3519
3.3406
3.3406
3.3406
3.3292
3.3178
3.3178
3.3178
3.3178
3.3178
3.3178
3.3292
3.3178
3.3178
3.3178
3.3178
3.3065
3.3178
3.3178
3.3178
3.3178
3.3178
3.3178
3.3178
3.3178
3.3292
3.3292
3.3292
3.3292
3.3292
3.3406
3.3519
3.3406
3.3406
3.3406
3.3519
3.3406
3.3406
3.3519
3.3519
3.3519
3.3519
3.3406
3.3519
3.3406
3.3406
3.3406
3.3406
3.3406
3.3406
3.3406
3.3519
3.3406
3.3519
3.3519
3.3519
3.3519
3.3406
3.3406
3.3406
3.3406
3.3406
3.3292
3.3406
3.3519
3.3519
3.3519
3.3406
3.3406
3.3406
3.3406
3.3519
3.3406
3.3406
3.3406
3.3406
3.3406
3.3292
3.3406
3.3519
3.3406
3.3406
3.3292
3.3406
3.3406
3.3292
3.3292
3.3292
3.3406
3.3292
3.3406
3.3406
3.3292
3.3406
3.3406
3.3292
3.3292
3.3292
3.3406
3.3406
3.3292
3.3292
3.3292
3.3292
3.3292
3.3292
3.3406
3.3292
3.3292
3.3292
3.3292
3.3406
3.3292
3.3292
3.3292
3.3406
3.3406
3.3292
3.3406
3.3406
3.3406
3.3406
3.3292
3.3406
3.3292
3.3406
3.3406
3.3406
3.3519
3.3406
3.3406
3.3406
3.3406
3.3406
3.3406
3.3406
3.3406
3.3406
3.3406
3.3292
3.3633
3.3406
3.3406
3.3406
3.3406
3.3519
3.3406
3.3406
3.3519
3.3519
3.3292
3.3292
3.3406
3.3406
3.3406
3.3406
3.3519
3.3406
3.3406
3.3406
3.3406
3.3406
3.3406
3.3519
3.3406
3.3406
3.3292
3.3406
3.3406
3.3406
3.3406
3.3406
3.3406
3.3406
3.3406
3.3406
3.3406
3.3406
3.3292
3.3406
3.3406
3.3406
3.3406
3.3406
3.3519
3.3519
3.3406
3.3406
3.3406
3.3406
3.3406
3.3406
3.3519
3.3406
3.3406
3.3406
3.3519
3.3519
3.3519
3.3292
3.3292
3.3406
3.3406
3.3406
3.3406
3.3292
3.3406
3.3406
3.3292
3.3292
3.3406
3.3406
3.3292
3.3406
3.3406
3.3406
3.3406
3.3406
3.3406
3.3406
3.3406
3.3519
3.3406
3.3406
3.3406
3.3406
3.2951
3.3406
3.3406
3.3406
3.3406
3.3406
3.3406
3.3406
3.3406
3.3292
3.3406
3.3406
3.3406
3.3406
3.3406
3.3406
3.3292
3.3406
3.3406
3.3519
3.3292
3.3406
3.3178
3.3406
3.3406
3.3406
3.3406
3.3406
3.3406
3.3292
3.3406
3.3519
3.3406
3.3292
3.3406
3.3519
3.3406
3.3406
3.3406
3.3406
3.3292
3.3292
3.3292
3.3406
3.3519
3.3292
3.3406
3.3519
3.3406
3.3406
3.3406
3.3519
3.3292
3.3406
3.3406
3.3406
3.3406
3.3406
3.3292
3.3292
3.3406
3.3406
3.3292
3.3406
3.3406
3.3406
3.3406
3.3406
3.3292
3.3292
3.3406
3.3406
3.3406
3.3292
3.3406
3.3519
3.3406
3.3406
3.3406
3.3406
3.3406
3.3292
3.3292
3.3406
3.3406
3.3406
3.3292
3.3406
3.3406
3.3292
3.3406
3.3519
3.3633
3.3406
3.3406
3.3406
3.3292
3.3406
3.3406
3.3406
3.3292
3.3406
3.3406
3.3406
3.3292
3.3292
3.2951
3.3519
3.3406
3.3406
3.3746
3.3292
3.3406
3.3406
3.3406
3.3406
3.3406
3.3292
3.3406
3.3519
3.3292
3.3292
3.3292
3.3406
3.3519