2.4714
2.4827
2.4884
2.5055
2.5055
2.5111
2.5111
2.5282
2.5282
2.5339
2.5395
2.5452
2.5566
2.5736
2.6077
2.6077
2.6077
2.6361
2.6475
2.6588
2.6702
2.6872
2.7043
2.7270
2.7497
2.7668
2.7781
2.8009
2.8349
2.8520
2.8690
2.8974
2.9202
2.9372
2.9713
2.9997
3.0054
3.0508
3.0679
3.1020
3.1360
3.1644
3.1928
3.2042
3.2269
3.2781
3.3008
3.3178
3.3633
3.4030
3.4314
3.4542
3.4883
3.5223
3.5507
3.5735
3.6019
3.6416
3.6700
3.6928
3.7439
3.7439
3.7893
3.8178
3.8291
3.8746
3.8973
3.9143
3.9257
3.9427
3.9598
3.9711
3.9768
3.9939
4.0052
4.0052
4.0109
4.0109
4.0109
4.0279
4.0279
4.0223
4.0279
4.0279
4.0166
4.0166
4.0166
4.0166
4.0166
4.0166
4.0052
4.0109
4.0052
4.0052
4.0166
4.0109
4.0166
4.0166
4.0109
4.0052
4.0223
4.0109
4.0109
3.9995
4.0109
4.0109
4.0166
4.0166
4.0166
4.0109
4.0166
4.0166
4.0166
4.0052
4.0109
4.0166
4.0109
4.0109
4.0109
4.0052
4.0109
4.0109
4.0052
4.0052
4.0109
4.0109
3.9995
4.0166
4.0109
4.0052
4.0052
4.0109
4.0109
4.0109
3.9995
4.0166
4.0223
3.9995
4.0052
4.0166
4.0109
4.0109
4.0109
4.0223
4.0166
4.0109
4.0109
4.0109
4.0109
4.0223
4.0052
4.0052
4.0109
4.0109
4.0109
4.0166
4.0109
4.0109
4.0109
4.0166
4.0223
4.0109
4.0166
4.0109
4.0109
4.0166
4.0109
4.0166
4.0166
4.0109
4.0109
3.9995
4.0109
4.0109
4.0109
4.0166
4.0109
4.0166
4.0166
4.0223
3.9995
3.9995
4.0109
4.0166
4.0166
4.0052
4.0052
4.0223
4.0109
4.0109
4.0052
4.0052
4.0109
3.9995
4.0052
4.0166
4.0052
4.0052
4.0109
4.0166
4.0109
4.0109
4.0166
4.0109
4.0109
4.0052
4.0223
4.0109
4.0109
4.0052
4.0052
4.0166
4.0166
3.9995
3.9995
4.0052
4.0166
4.0109
4.0052
4.0109
4.0109
4.0109
4.0166
4.0279
4.0052
3.9995
4.0109
4.0166
3.9995
4.0166
4.0109
4.0166
4.0109
4.0052
4.0109
4.0166
4.0166
4.0052
4.0166
4.0166
4.0109
4.0109
4.0166
4.0166
4.0109
4.0109
4.0223
4.0166
4.0109
4.0109
4.0166
4.0109
4.0166
4.0052
4.0109
4.0166
4.0109
4.0109
4.0109
4.0166
4.0109
4.0052
4.0109
4.0109
4.0052
3.9995
4.0166
4.0166
4.0223
4.0052
4.0166
4.0052
4.0052
4.0109
4.0166
4.0223
4.0166
4.0109
4.0109
4.0109
4.0109
4.0109
4.0166
4.0166
4.0166
4.0109
4.0109
4.0052
4.0052
4.0109
4.0109
4.0109
3.9995
3.9995
4.0109
4.0109
4.0166
4.0052
4.0052
4.0166
4.0109
4.0052
4.0109
4.0109
4.0109
4.0052
4.0166
4.0223
4.0109
4.0166
4.0109
4.0166
4.0109
4.0109
4.0052
4.0109
4.0166
4.0052
4.0109
4.0052
4.0109
3.9995
4.0109
4.0109
4.0052
4.0052
4.0166
4.0166
4.0052
3.9995
4.0166
4.0052
3.9995
4.0166
4.0166
4.0109
4.0109
3.9995
4.0052
4.0166
4.0109
4.0109
4.0052
4.0052
4.0166
4.0109
4.0109
4.0109
4.0166
4.0223
4.0109
4.0166
4.0109
4.0109
4.0109
4.0166
4.0109
4.0166
4.0109
4.0166
4.0166
4.0166
4.0109
4.0166
4.0109
4.0109
4.0052
4.0052
4.0166
4.0109
4.0166
4.0166
4.0109
4.0109
4.0166
4.0166
4.0052
3.9995
4.0166
4.0109
4.0166
3.9995
4.0223
4.0166
4.0166
4.0109
4.0109
4.0166
4.0109
4.0450
4.0166
4.0109
4.0166
4.0223
4.0109
4.0109
4.0109
4.0052
4.0166
4.0109
4.0109
4.0052
4.0166
4.0052
4.0052
4.0223
4.0109
4.0109
4.0052
3.9995
4.0166
4.0223
4.0052
4.0052
4.0109
4.0109
4.0166
4.0109
4.0109
3.9995
4.0109
3.9882
4.0109
4.0052
4.0052
4.0109
3.9995
3.9995
4.0109
4.0052
4.0166
4.0166
4.0109
4.0109
4.0109
3.9995
4.0052
4.0109
4.0109
4.0109
4.0052
3.9995
4.0109
4.0166
4.0052
3.9995
3.9882
4.0109
4.0109
4.0166
4.0109
4.0109
4.0109
4.0109
4.0109
3.9995
4.0052
4.0052
4.0052
4.0109
4.0109
4.0052
4.0109
4.0166
4.0223
4.0052
4.0052
4.0166
4.0109
4.0166
4.0109
4.0223
4.0109
4.0052
4.0109
4.0052
4.0166
4.0109
4.0166
4.0109
4.0109
4.0109
4.0109
3.9995
4.0109
4.0109
4.0052
4.0052
4.0109
4.0109
4.0052
3.9995
4.0223
4.0109
4.0052
4.0052
4.0109
4.0109
4.0109
4.0109