2638.737305
2020.639648
1774.032837
1807.471313
1996.398804
1754.073608
2396.448486
5000.000000
1984.671631
1245.622559
1781.678955
5000.000000
1498.956421
1295.794067
5000.000000
1186.618896
1358.476562
5000.000000
1880.833130
1558.255981
2279.268799
4857.953613
5000.000000
5000.000000
5000.000000
5000.000000
5000.000000
2372.041504
3799.950195
5000.000000
4794.639648
2782.907227
2663.174805
5000.000000
2429.557617
1352.771851
2588.835938
5000.000000
2654.837646
3093.565674
5000.000000
5000.000000
5000.000000
4589.370117
2012.654053
3547.558838
5000.000000
5000.000000
2661.263428
5000.000000
1400.166748
1543.506348
3543.705078
1062.181274
1175.066162
1688.361084
4916.554688
5000.000000
4080.425781
5000.000000
5000.000000
4043.851318
5000.000000
3358.658691
1864.032349
3994.239746
4446.376953
3327.920166
3450.869629
3995.619385
1911.037842
642.299255
326.126343
238.501099
155.379944
119.416534
103.022194
84.929207
83.265938
95.025642
118.453140
169.026794
175.574738
192.128006
244.146027
271.033264
299.105804
485.122742
1552.417969
921.549988
386.716522
237.045883
174.749176
146.384232
117.871216
107.213615
100.796379
99.911873
98.423996
97.826775
95.379509
97.642166
93.262344
98.532036
142.373535
122.167336
112.356110
118.107468
148.565048
129.119644
128.964310
132.715744
126.003159
114.138466
123.277184
115.518448
107.145218
102.774750
5000.000000
118.914848
94.864494
91.637138
5000.000000
95.874542
89.361534
101.392654
114.878349
170.481476
190.972549
253.678955
401.922760
983.750061
5000.000000
2239.909180
3516.120605
2673.645264
897.705811
571.933472
484.115845
791.891968
5000.000000
1825.471436
3024.120850
5000.000000
3606.928467
1590.531128
1443.159546
4969.690918
2465.906738
1296.359131
1316.825073
5000.000000
1825.356323
1190.978149
2151.287354
5000.000000
2582.458496
4276.404297
5000.000000
1816.303101
1687.151611
5000.000000
3022.474609
3676.849365
5000.000000
4340.888184
5000.000000
5000.000000
5000.000000
5000.000000
3077.603027
652.649353
323.258759
212.868073
170.416611
156.005875
156.935455
185.337097
189.951141
275.812378
337.514435
5000.000000
5000.000000
5000.000000
5000.000000
278.253967
219.948761
173.538269
137.498047
115.081459
111.457466
112.222160
119.794151
138.967453
143.906967
162.932709
183.095688
190.781815
171.837692
166.464172
161.792587
151.660172
136.483475
139.050339
145.135895
161.085022
147.860275
150.767441
223.809814
285.290131
340.647186
1053.893311
2530.937256
3309.783936
4770.354980
3461.059326
1276.795776
1154.977661
1774.168823
5000.000000
3096.200684
5000.000000
4325.786621
2660.723145
5000.000000
1583.353394
1059.159424
1089.220825
1845.002197
5000.000000
3916.598389
830.598755
359.958649
231.834885
166.718582
123.840187
103.775551
94.284302
87.996582
99.677811
116.459114
189.591141
198.953247
174.365936
146.565567
122.152733
94.063850
5000.000000
5000.000000
5000.000000
5000.000000
5000.000000
5000.000000
5000.000000
5000.000000
5000.000000
66.377739
65.311043
67.768074
78.386536
124.019142
140.568588
156.386551
176.313522
178.504044
175.411652
184.222641
185.953033
209.945251
293.982239
1345.902466
596.183716
289.162537
177.030136
160.560226
178.042694
123.058319
112.178749
141.457748
115.409050
117.441246
118.413048
121.572411
116.045219
129.246765
117.706886
116.156883
115.715363
108.314148
94.338409
84.560165
5000.000000
84.704094
84.695084
76.837975
85.703362
88.840424
103.171265
98.524719
121.993217
128.084564
120.941994
127.962517
127.993134
135.305817
133.825378
166.825836
249.262070
492.812134
5000.000000
497.192078
239.281937
159.575912
121.593063
106.369431
100.823532
116.562927
106.575966
122.413971
134.547882
150.221985
138.089294
128.952240
114.036812
100.240456
88.059059
77.931152
5000.000000
5000.000000
5000.000000
5000.000000
5000.000000
5000.000000
5000.000000
5000.000000
5000.000000
5000.000000
60.149265
64.062202
54.598339
83.269409
123.742126
211.603241
384.920166
827.615356
3245.868652
5000.000000
1378.650269
697.510010
379.632324
266.996521
270.971161
229.058502
203.154236
215.589066
205.848801
198.114487
184.508347
187.042694
164.651810
146.927597
140.391190
150.579163
155.453049
150.705292
146.965469
150.587982
162.723236
141.405807
128.968796
137.387909
135.967056
145.260620
153.186920
167.890076
164.923935
168.551163
158.445099
152.009521
156.164368
156.721069
156.962189
161.121460
159.727631
155.794647
157.360016
151.869080
139.811966
141.021301
142.187164
146.269287
162.424789
162.613861
162.388062
152.872452
151.419296
151.105164
151.974503
154.982315
172.999359
239.973740
294.550934
433.265015
550.814148
583.323425
542.170105
484.751556
437.663116
464.920746
700.664978
1734.473145
5000.000000
2290.125000
4298.458984
5000.000000
5000.000000
4442.726074
2907.172852
2515.299561
2219.334229
2155.436279
2935.732178
5000.000000
3918.599365
3335.030518
5000.000000
2658.595459
5000.000000
1655.379150
1125.932251
1957.743408
5000.000000
1879.660156
1960.176758
5000.000000
3922.456787
4973.889160
5000.000000
3913.965820
2290.391357
4689.897949
5000.000000
5000.000000
1252.061523
650.335022
490.095978
408.109711
357.303528
327.404388
291.915100
270.387299
288.498199
449.677399
665.290405
547.414673
354.591827
278.997803
303.247620
527.886230
2852.476807
1287.673828
597.370056
429.834717
336.151642
282.775299
240.772827
246.549164
272.784790
333.112396
368.654205
366.475983
378.211609
409.403839
503.219635
1033.112061
5000.000000
1474.403198
795.993713
546.842041
482.228027
372.840881
311.224487
254.671021
218.243256
226.208923
252.959549
267.714386
266.553986
241.335037
223.452194
225.522827
220.496704
226.913635
228.457275
221.124039
204.746735
198.359818
179.514755
169.039963
167.200928
233.284836
241.355499
407.071198
1665.998413
1449.390991
553.221680
397.829956
371.880341
394.435089
461.700348
559.557739
654.351318
440.193207
310.347168
230.194656
190.953873
162.746658
152.991608
154.218933
190.699753
287.820526
250.794846
568.183655
2620.432617
710.127563
642.144470
616.270752
525.896790
572.614685
655.259583
671.984253
493.159393
366.689148
291.346130
264.849487
245.705582
230.139404
224.543686
216.624588
231.352997
225.093781
217.079498
212.149918
197.262131
183.207291
183.488129
190.446381
189.781479
187.577606
202.343170
227.420792
299.741425
557.808899
1601.270142
5000.000000
3366.899170
2987.604492
2215.887451
1240.153809
827.097107
724.588013
554.331360
307.224915
269.986420
236.468842
304.470459
288.506226
237.820053
198.908035
169.810425
187.043991
165.213348
136.252609
130.433670
188.635742
392.547302
419.135895
660.604187
284.308105
230.482849
235.159683
216.054611
232.738907
287.156342
230.262512
207.165604
205.421463
241.150467
254.807968
307.164551
424.725555
427.902313
405.765961
264.469849
200.818436
173.552567
185.661026
170.829575
160.384949
164.555481
170.285950
166.294510
165.821808
156.584030
190.031281
281.867126
667.904541
1400.374390
477.870789
347.172394
261.586731
222.507217
239.329468
244.944794
383.199493
556.839417
560.765991
398.246399
348.010712
402.202667
458.173157
538.040405
2535.593506
1326.278442
667.137268
489.446259
437.457977
469.506042
347.057617
280.170074
227.819504
201.314056
187.959213
219.686493
304.144501
761.805664
1313.625610
396.510284
258.255005
318.089722
387.935974
469.152222
477.844482
397.984467
319.607635
282.737610
277.708313
326.767090
497.003265
869.602905
1596.403320
3931.924072
5000.000000
1415.215210
732.673401
494.918488
396.258972
310.589172
273.815948
246.825287
239.194580
227.667221
249.225616
238.118240
258.732697
295.582642
317.057953
287.494843
226.900497
175.717758
152.886444
138.445892
157.596497
165.163376
202.606049
245.471542
313.822845
489.201385
1146.921265
5000.000000
1932.817871
1376.439941
1166.542969
854.331543
581.469727
458.693848
406.250427
385.772797
406.356415
355.915833
277.760590
255.073181
262.589539
276.202179
451.668762
2697.422119
874.014709
406.091248
367.771973
391.142731
348.707367
333.611938
326.632385
285.481110
284.438843
302.150543
326.103577
321.898102
314.341278
327.358704
376.451660
401.620026
547.835571
1283.638062
1287.088257
421.996155
294.083038
246.278534
287.165710
428.602661
517.330078
492.987885
370.273132
299.736053
231.608032
202.550079
236.897614
411.731018
645.736938
2523.506348
1085.479858
634.148071
388.637299
333.204193
296.167908
274.798096
265.426697
278.064453
326.100128
270.761719
230.183640
204.340027
169.404434
140.438843
121.981285
106.680992
99.430901
98.393829
94.311401
101.453682
104.094627
116.913696
111.340240
127.871490
144.580521
129.960388
123.616203
98.938805
91.506485
85.686989
5000.000000
78.300514
80.360626
89.216530
98.116539
87.824272
104.255013
109.340874
133.677383
129.403015
145.123260
210.788406
318.930237
614.512329
5000.000000
566.551575
298.439240
191.764084
165.914200
148.057281
148.788147
145.103821
135.043640
132.821335
140.988495
135.441330
148.802246
173.851990
215.731293
274.897125
335.041229
403.566681
454.069122
470.976501
452.813141
423.336548
363.527039
330.192749
352.988617
463.240875
1336.315308
1563.600830
1051.197144
5000.000000
771.768433
574.610107
769.475159
1445.392212
5000.000000
4942.489258
1680.063110
1048.241455
857.312561
1543.864136
5000.000000
2055.604736
1512.786621
1415.783936
1354.827148
1827.932983
5000.000000
1594.786011
949.680542
1221.654175
5000.000000
1958.983276
2048.577637
5000.000000
5000.000000
2439.072754
2390.268311
2889.606445
4098.777832
5000.000000
4905.543945
4704.101562
5000.000000
2339.688721
1585.932861
2289.057129
5000.000000
3566.316162
4974.950684
555.926086
321.164185
212.976761
162.670502
131.830475
109.275215
104.206345
102.643990
102.946602
118.054909
136.515213
161.200363
170.496872
164.708847
158.468201
162.107666
156.059280
162.500809
206.259888
282.168335
295.288727
372.496246
543.678101
839.494690
1221.757935
1470.050781
1434.540283
1146.371948
854.075439
710.420227
665.017334
846.942200
2329.498047
5000.000000
2105.851318
2547.043701
5000.000000
4258.220215
2519.370361
5000.000000
5000.000000
5000.000000
968.550842
1491.184814
1205.072510
497.557678
1385.201172
861.985535
582.863464
5000.000000
476.731995
840.776611
3734.518066
5000.000000
4467.491699
1349.030396
732.984253
572.861267
587.838623
1198.609619
5000.000000
1141.001831
745.282227
868.430298
1224.821533
1714.415771
3576.322754
4083.667236
1158.677856
751.107422
1246.577881
2685.587891
600.209900
319.016418
174.536133
149.821350
112.687340
108.531006
100.985504
104.853416
120.416267
128.412827
135.591385
129.035660
125.009789
121.593796
115.178017
99.734970
80.868088
5000.000000
5000.000000
5000.000000
5000.000000
5000.000000
5000.000000
5000.000000
5000.000000
5000.000000
5000.000000
5000.000000
5000.000000
5000.000000
68.953178
67.475937
65.338020
98.346336
93.683296
121.913956
157.383972
166.035980
221.965942
232.407410
297.180145
526.144287
3247.338379
732.479675
346.550873
242.278839
187.043121
147.515839
127.094276
117.713257
137.901001
120.590668
113.776573
135.462097
169.194794
261.723083
372.237823
622.097046
761.214539
641.172485
467.432953
347.704010
264.213379
233.184128
247.972626
316.523895
734.744812
5000.000000
1350.067993
912.380920
951.149353
1563.745239
5000.000000
1233.660767
581.939758
420.456635
566.332642
3434.085938
1151.841675
1308.440552
4117.473145
5000.000000
5000.000000
5000.000000
5000.000000
1791.179077
1018.259277
900.935181
2365.922607
1461.106201
623.981567
484.240082
477.511444
433.424408
321.751465
224.200531
207.414230
177.188187
166.669937
153.473801
150.023041
163.437363
134.930313
146.872787
256.157867
2297.370361
486.080994
243.611786
177.928543
149.897598
121.529282
119.366173
117.204666
110.031525
105.468544
112.001755
112.212929
114.417671
119.093483
139.447266
136.075485
115.693520
102.545509
88.438400
80.289360
76.307564
81.926430
105.876801
148.192734
317.322144
2278.287598
263.447662
149.473923
97.560173
5000.000000
5000.000000
5000.000000
5000.000000
5000.000000
5000.000000
5000.000000
72.504074
72.074028
67.155556
97.652763
200.071777
970.798340
745.781738
434.692657
312.886322
248.784790
273.800903
156.191986
136.943649
121.945549
124.342987
133.431610
5000.000000
126.771225
125.203583
120.395340
141.657150
225.188354
511.259247
2392.557129
382.228516
211.909393
156.763535
141.543716
139.502274
164.355408
276.635712
5000.000000
406.366302
242.399002
190.643585
167.277054
144.596100
144.492416
189.598633
200.324371
204.824890
154.360886
139.018982
131.698380
129.456146
127.409821
108.121864
96.992851
5000.000000
107.909134
98.304230
88.965446
92.582909
101.973572
114.221024
115.199867
198.096878
184.723923
222.534409
306.774414
504.908295
1548.189087
2505.428223
1527.021484
1223.022095
5000.000000
428.568420
245.339249
169.189911
111.123512
96.102768
5000.000000
82.537399
83.101631
107.874107
131.856461
133.476730
119.350677
100.736618
129.020905
184.062759
226.429382
201.689301
175.485886
5000.000000
5000.000000
190.217331
132.424011
109.968559
102.403900
94.571205
135.504913
197.805756
488.881622
5000.000000
415.329590
5000.000000
5000.000000
5000.000000
5000.000000
5000.000000
5000.000000
5000.000000
5000.000000
5000.000000
188.753693
153.704651
5000.000000
5000.000000
5000.000000
111.209854
94.909843
90.102951
85.245430
90.865753
100.397118
97.425827
105.993675
116.179054
155.153381
142.285172
125.566681
122.760025
112.121910
99.541092
86.258713
76.962448
76.687843
82.454941
83.983688
77.511452
100.463097
129.714661
110.006104
132.003113
142.921295
140.144485
125.013611
104.977310
87.595306
5000.000000
5000.000000
74.867897
67.374557
67.506813
111.741913
103.527351
172.796814
933.783020
293.971008
144.211243
112.721024
116.434738
198.264099
158.824585
186.168610
237.081253
178.809525
161.089767
150.840790
149.247131
108.213547
87.272827
78.804756
76.196182
5000.000000
77.839500
80.861237
83.838242
107.272919
108.954018
147.395386
139.286621
158.154694
167.708420
157.372238
122.638931
113.611221
94.487221
80.006142
5000.000000
5000.000000
5000.000000
76.973175
5000.000000
71.189941
72.262611
85.172256
91.331894
128.159531
130.495087
162.729294
188.546417
224.356949
215.527908
185.981369
177.352631
171.731049
210.305969
325.958099
724.877869
1853.654785
422.408325
241.093216
160.680038
109.000923
5000.000000
5000.000000
5000.000000
5000.000000
98.917992
97.709793
100.995308
106.654892
97.598747
92.600502
95.130867
92.130028
108.691780
110.039467
107.370697
152.210007
174.138489
164.616348
254.521805
523.104919
680.542419
754.402954
616.133728
389.920502
269.572540
191.880722
5000.000000
5000.000000
5000.000000
5000.000000
5000.000000
5000.000000
5000.000000
5000.000000
5000.000000
5000.000000
141.426743
134.860291
131.706223
5000.000000
5000.000000
5000.000000
5000.000000
5000.000000
104.235390
95.923882
92.496788
89.740814
90.157455
97.158295
93.119629
129.764664
129.530121
159.534088
241.858047
442.815308
1054.701294
2009.650635
1960.663208
1186.988281
946.625305
649.511658
452.556549
620.190735
1058.272461
1694.462769
1493.704956
1095.229004
952.229065
940.619873
2525.524414
3289.322021
1577.560181
2208.539551
5000.000000
1361.165039
1484.215088
5000.000000
2124.285400
2252.768066
5000.000000
5000.000000
2932.219727
5000.000000
2888.087158
1515.976807
2022.663940
2890.072754
5000.000000
5000.000000
2134.947998
2511.806885
1172.668213
5000.000000
1909.114136
5000.000000
5000.000000
3311.964600
1534.104248
2261.439941
5000.000000
1210.268433
1341.730835
5000.000000
2020.046631
2180.576660
5000.000000
5000.000000
3500.560059
5000.000000
5000.000000
3464.036133
5000.000000
1944.348145
1920.095581
1645.815918
5000.000000
5000.000000
3150.082275
2885.154297
784.181213
1137.050537
2624.508545
2026.426880
2806.492432
5000.000000
1457.475586
926.707275
1155.722534
2510.467285
5000.000000
3268.946533
5000.000000
5000.000000
5000.000000
5000.000000
1184.693237
465.041901
532.873657
3607.542236
688.207397
635.435059
1172.349731
756.079407
525.507751
1177.974609
4965.491211
5000.000000
3502.276123
1236.431030
790.756958
842.805725
1869.402466
5000.000000
2930.613281
3006.833252
1529.067017
532.052673
438.729340
960.301086
5000.000000
3168.375244
1137.305664
643.068726
775.923096
5000.000000
1646.527222
1721.792969
5000.000000
5000.000000
5000.000000
5000.000000
3880.587646
4497.322266
5000.000000
2166.845459
1388.632812
1682.440063
5000.000000
3865.946289
2095.063965
2336.380371
5000.000000
5000.000000
5000.000000
5000.000000
5000.000000
5000.000000
2449.499023
1675.287964
1984.653931
5000.000000
2365.012451
779.427368
442.250214
304.571106
210.756027
157.584076
122.179062
110.219559
96.414978
98.691544
108.330704
104.907494
119.123253
145.682693
168.597809
160.187149
156.666412
132.934723
105.880539
5000.000000
5000.000000
5000.000000
79.066582
5000.000000
5000.000000
5000.000000
5000.000000
5000.000000
5000.000000
5000.000000
5000.000000
5000.000000
5000.000000
5000.000000
5000.000000
5000.000000
5000.000000
5000.000000
5000.000000
5000.000000
5000.000000
5000.000000
5000.000000
5000.000000
5000.000000
5000.000000
5000.000000
61.926048
53.799557
64.746391
81.901306
111.739311
148.462418
177.093857
230.736191
264.134949
234.510422
187.539017
143.713135
119.153381
94.522652
79.395821
68.358864
87.459061
142.006943
146.364304
650.711609
306.567261
122.749527
78.017197
5000.000000
5000.000000
5000.000000
5000.000000
5000.000000
5000.000000
5000.000000
5000.000000
5000.000000
5000.000000
5000.000000
5000.000000
5000.000000
5000.000000
5000.000000
5000.000000
5000.000000
5000.000000
5000.000000
5000.000000
88.228798
81.544586
97.062790
131.658279
127.633606
151.842102
169.342636
218.676300
203.795944
170.500702
135.353973
114.475365
91.286636
5000.000000
5000.000000
5000.000000
5000.000000
5000.000000
5000.000000
5000.000000
5000.000000
5000.000000
5000.000000
5000.000000
5000.000000
5000.000000
5000.000000
5000.000000
5000.000000
5000.000000
66.290985
62.576080
62.648453
92.413452
158.662170
311.912445
887.968262
223.221359
207.752930
159.983597
170.479782
215.529495
382.050781
423.473389
259.892120
226.710770
179.094070
145.872040
5000.000000
5000.000000
5000.000000
5000.000000
5000.000000
5000.000000
101.790749
89.827187
87.053101
80.558556
91.128555
89.914528
88.882896
103.669113
114.595261
138.713608
127.603256
125.062813
122.247025
104.117355
106.253815
101.010696
90.845123
81.444351
74.524048
71.743172
76.368385
85.466515
71.563812
82.173157
101.751915
183.450073
184.135986
253.896683
386.493805
563.747253
1176.675781
5000.000000
3326.479736
2041.674316
5000.000000
2186.525391
1075.869385
845.005127
960.104858
1370.609863
2243.706055
5000.000000
3263.835938
1260.760986
843.393311
885.409607
1459.878784
3553.206787
749.463074
555.612366
650.264099
1152.451904
4473.383789
2948.918701
1526.174927
1502.538696
1511.807007
1505.573608
1996.795166
5000.000000
2639.563965
1213.606689
2422.459473
5000.000000
2292.010254
1051.218384
1556.364746
2400.812500
826.940247
810.674866
1100.348267
2238.917969
5000.000000
5000.000000
5000.000000
2474.987305
1364.326904
1055.794678
963.334900
2334.666748
1625.263062
699.988647
634.705566
838.768250
1800.632812
5000.000000
3561.223877
1489.528198
1141.086304
1056.281860
1614.579102
2160.357910
1174.955566
558.776917
327.271545
246.993546
170.690033
137.189728
115.589302
107.070892
115.102928
105.718559
110.680344
123.598610
142.239532
129.812180
129.341812
121.126534
112.378395
101.524323
87.980179
84.788101
90.332298
82.307381
88.922668
96.839638
93.746841
107.117516
98.364761
102.898140
116.695663
127.203545
134.783646
187.787781
259.265625
258.307831
366.000702
510.257355
463.688538
541.035461
654.382751
678.006714
753.306824
1037.315796
1645.833618
1910.938721
1888.752319
1890.600098
1789.552734
1326.488647
995.768188
994.485046
1401.270630
5000.000000
1548.005493
2399.025635
5000.000000
3198.270752
3596.196533
5000.000000
5000.000000
5000.000000
1263.245728
3177.826416
4276.475098
5000.000000
3521.688477
2581.917969
935.744507
740.282166
993.825134
5000.000000
1791.780396
940.446167
1007.854675
2293.779541
5000.000000
5000.000000
4349.676758
2206.017334
5000.000000
1652.183716
950.390991
3023.114502
846.853638
367.662964
220.988968
159.848190
124.296814
5000.000000
5000.000000
5000.000000
5000.000000
5000.000000
106.406464
104.814095
105.726715
116.774757
117.362000
121.928055
132.266998
136.389847
121.742378
117.059288
105.368271
90.575279
76.091072
70.225266
5000.000000
65.969505
74.227768
68.699875
65.828819
81.243469
142.004547
135.766617
131.906479
201.218781
234.843460
266.577301
366.983795
453.593781
590.630859
925.575867
1123.481323
1172.975586
1019.915283
755.638550
564.630798
502.594635
475.356262
430.593414
446.235016
538.309631
796.840820
1984.947510
2956.495117
1606.785400
594.880066
1197.755249
5000.000000
5000.000000
5000.000000
1318.646973
803.501953
982.504822
1743.989868
5000.000000
2124.217529
2267.490234
2515.339355
2110.284180
2116.270996
2848.797119
4105.083008
5000.000000
5000.000000
5000.000000
5000.000000
4837.596680
2041.251587
1609.437256
2298.399902
5000.000000
5000.000000
2555.140625
2154.274414
1828.792603
1755.602539
1084.360596
601.322266
430.940521
397.430725
296.272003
235.069550
190.469376
158.726196
142.469070
139.813324
132.738235
136.772964
168.899185
198.973984
207.743805
245.608612
289.570831
219.969589
176.996811
159.791260
138.904785
124.020004
115.209846
128.181595
132.267807
120.176147
150.524902
189.943451
211.164017
223.315796
204.745331
175.846924
149.534195
136.169052
131.171661
131.861755
139.787079
145.342239
145.711594
144.768402
149.527161
153.561279
163.663757
166.868134
219.845367
320.695007
408.923248
419.221252
381.374329
368.984253
367.823303
351.539368
355.751923
459.817261
587.772583
870.964355
5000.000000
1387.498901
846.803528
966.749329
4520.135742
1860.473999
1201.032593
1331.758057
1477.164795
1612.623413
1906.270630
2494.091064
5000.000000
1464.784912
739.578003
1030.927246
855.954102
375.444183
280.802490
402.806427
1671.947021
719.923035
403.960541
768.902039
2315.349121
5000.000000
5000.000000
647.404541
459.950500
702.113159
733.732422
537.230652
438.373413
520.513916
1179.401733
5000.000000
5000.000000
5000.000000
5000.000000
5000.000000
5000.000000
2839.676514
1419.782349
952.489563
632.487671
462.373932
381.427979
413.245148
522.391724
627.199097
823.442749
1028.217407
1130.760376
1367.275024
1605.668091
1250.973267
705.834595
551.033691
503.452576
460.213104
509.365295
720.032288
855.344055
1118.252441
1370.159790
1092.971069
799.352295
698.482544
608.940735
480.159882
433.714813
503.484741
723.375793
1407.693359
1623.243408
1125.848022
950.999695
771.129028
592.461670
425.524933
376.059143
345.603729
384.844269
505.336914
613.238953
640.311218
551.386292
528.110596
510.254517
507.567291
568.567688
568.363586
554.684082
726.425903
1169.418945
1152.000244
856.222046
679.985718
534.991882
434.683746
393.857574
447.536926
480.916687
547.235413
703.892700
1098.943115
1359.463745
1101.061035
743.469360
548.935059
436.664490
401.446320
394.761810
359.152313
410.976868
605.797668
2875.306641
1854.247559
2120.531494
4997.506836
989.496582
541.844116
408.126282
358.827026
337.726746
381.244263
743.780090
5000.000000
953.493713
2366.336426
1099.976196
546.453857
316.127625
231.531097
203.190369
169.497620
165.488434
201.581894
323.855743
517.171265
538.164429
415.750946
355.950623
306.660339
322.324127
610.546936
5000.000000
648.579529
335.426300
216.066895
155.079178
112.104515
5000.000000
5000.000000
5000.000000
5000.000000
5000.000000
5000.000000
85.811676
82.793137
87.376038
87.636322
97.037857
129.714691
118.423203
137.177811
144.226242
144.236923
145.783829
143.562805
141.863831
153.416321
197.807526
285.990601
809.805664
1220.648682
370.487854
198.455765
128.148972
98.024963
93.476135
84.949593
93.507126
93.198898
94.105942
125.783180
197.002716
578.618469
701.516479
238.240128
148.379608
132.534668
140.536026
144.656693
152.222748
163.679794
163.134903
144.065948
129.043610
111.879547
100.575836
89.096558
77.717087
71.071129
76.299698
81.976227
76.303329
89.197121
104.412949
132.634827
134.252350
146.186707
152.633484
150.145981
149.877792
146.044876
136.481125
131.860703
161.299438
231.861771
223.957916
299.800293
902.462524
3323.407227
1362.145142
1768.615601
3035.267334
5000.000000
1390.007446
869.186584
650.045349
836.931763
3050.328857
3735.242920
2861.502441
4236.795898
1915.139038
4265.538574
5000.000000
4776.510742
5000.000000
5000.000000
5000.000000
5000.000000
5000.000000
5000.000000
5000.000000
2698.303955
3965.481689
5000.000000
1990.449219
2822.220459
5000.000000
5000.000000
5000.000000
5000.000000
5000.000000
5000.000000
5000.000000
4655.290039
4165.274902
5000.000000
5000.000000
2440.215576
2092.374268
3860.618164
5000.000000
5000.000000
5000.000000
5000.000000
5000.000000
4095.560059
2650.908447
2716.653320
5000.000000
3611.149658
2090.585449
3090.010742
5000.000000
2417.735107
2520.508545
5000.000000
4393.102539
3062.721436
5000.000000
5000.000000
3257.244629
3299.301758
4213.709473
5000.000000
5000.000000
3244.361084
3175.248779
3810.633301
5000.000000
5000.000000
5000.000000
5000.000000
5000.000000
5000.000000
5000.000000
5000.000000
5000.000000
5000.000000
5000.000000
5000.000000
5000.000000
5000.000000
5000.000000
5000.000000
5000.000000
4265.021973
2207.754395
2322.271484
5000.000000
2141.454102
1458.635864
2928.198730
5000.000000
5000.000000
4649.263184
5000.000000
5000.000000
5000.000000
5000.000000
5000.000000
1734.323608
1369.658813
1882.543091
5000.000000
3048.158691
2001.999512
2331.026611
3733.021973
5000.000000
5000.000000
5000.000000
2893.291260
1881.258667
1741.368408
2073.750732
5000.000000
3762.612305
1969.922974
1644.724976
2014.600952
4429.064453
5000.000000
5000.000000
5000.000000
4946.898438
3191.890381
2994.382080
4330.452637
5000.000000
5000.000000
3276.258789
2904.006592
5000.000000
3539.602783
2354.558594
4122.912598
5000.000000
2126.536865
1850.966919
4500.111328
5000.000000
5000.000000
4443.913574
5000.000000
5000.000000
5000.000000
5000.000000
5000.000000
5000.000000
2971.825439
2196.452148
2529.372314
5000.000000
1856.165894
1603.635498
2991.549561
5000.000000
5000.000000
5000.000000
5000.000000
3178.394043
1815.610474
1797.358032
5000.000000
3173.192383
1470.046265
1484.242310
2817.661133
5000.000000
3850.712402
2376.933105
2989.296875
5000.000000
5000.000000
5000.000000
4999.850098
2835.853760
5000.000000
1382.772095
1022.211426
1266.348877
5000.000000
1533.992920
1131.727783
1687.406494
5000.000000
3017.006104
2306.647949
4954.824707
5000.000000
5000.000000
5000.000000
5000.000000
5000.000000
5000.000000
5000.000000
3837.756836
4344.193848
5000.000000
1916.251831
1712.610229
2276.685059
5000.000000
5000.000000
4744.264160
4501.244629
4364.619629
5000.000000
5000.000000
4140.692383
5000.000000
5000.000000
4642.718262
4279.372559
5000.000000
5000.000000
5000.000000
2599.754150
1443.912598
892.955688
802.084045
668.305054
458.188171
405.061249
414.760437
393.948029
374.926392
372.756592
410.975891
389.057343
428.817719
490.971313
474.543762
378.366943
314.378662
294.616364
282.646271
268.502594
271.409363
447.023499
795.988647
3276.767578
519.181641
252.861496
188.312805
137.931915
116.031769
101.354691
5000.000000
91.610901
93.427864
104.527809
132.059540
122.690056
148.260651
211.421005
377.742279
1056.386597
5000.000000
1502.215576
915.156250
717.665527
629.511963
596.513000
562.344543
580.454468
463.386200
359.835846
282.788269
234.884842
191.338669
158.160873
145.198273
147.195526
169.817413
215.553345
285.532257
360.891602
354.786346
289.302338
215.615784
179.409164
162.248703
144.520981
144.252365
152.693069
186.358856
185.764328
236.233444
375.055023
489.941071
408.009094
300.280121
212.205750
173.014221
135.862030
125.201904
134.308563
137.747620
168.429474
238.146332
364.954987
430.769287
380.878082
364.326935
313.997833
273.704559
227.669388
188.274155
166.427338
151.847275
143.948700
148.083542
143.151123
158.063553
191.466400
269.303619
359.139435
391.494812
327.021912
233.453537
214.917664
178.342484
147.539902
133.958618
122.614693
143.665222
154.924271
161.428497
234.171249
428.877045
704.265747
508.007629
332.151123
223.652298
176.603424
152.024994
145.866165
144.806854
164.875443
171.510132
262.894287
328.676849
468.985321
754.389832
1018.367798
1013.300171
952.015747
1049.174561
1060.046509
1223.978271
1804.640747
3018.693359
5000.000000
5000.000000
1339.249878
725.945679
570.358765
588.351929
609.040344
714.605896
757.963501
692.789673
810.095032
1148.261353
1128.978394
895.043945
674.485718
490.071136
408.360352
388.718170
455.356262
808.252197
1496.457031
1371.171509
1040.427002
900.601624
730.896729
589.039307
533.531067
477.966492
449.747955
470.674469
518.100586
560.864929
583.340881
720.215271
912.468750
912.374512
801.743225
757.645752
638.383545
651.256653
1254.902588
5000.000000
5000.000000
1889.444336
1245.211914
1180.856812
2510.368164
5000.000000
2670.628906
5000.000000
1397.256836
1035.451294
1427.808594
4231.701660
1053.994873
1800.413330
5000.000000
5000.000000
5000.000000
2183.972656
2266.529053
5000.000000
2906.423096
1358.017944
944.490723
525.932251
332.292084
239.370712
174.542801
158.102631
127.108086
132.654236
116.924065
102.948479
5000.000000
100.585068
111.207008
103.733093
98.588181
116.725060
137.830048
178.053711
211.400497
281.901367
426.639557
661.208435
1028.640503
1394.278076
1258.804199
769.548889
509.449921
409.140045
349.986847
324.463318
368.158966
619.450562
1227.476074
4419.127441
4519.095703
2471.696045
2043.285400
5000.000000
5000.000000
5000.000000
2660.126221
5000.000000
2738.819580
1739.594238
5000.000000
1704.040283
986.740845
1182.577759
2390.332275
5000.000000
5000.000000
3991.478271
2610.967529
2450.322510
2471.276123
3120.172852
5000.000000
2072.789795
1456.760864
1539.107178
3112.173340
5000.000000
2381.593018
1899.853027
2169.545166
2766.538086
5000.000000
5000.000000
2899.669922
2266.288574
1642.448486
1653.753662
3527.783203
0.000000
0.000000
0.000000
0.000000
0.000000
0.000000
0.000000
0.000000
0.000000
0.000000
0.000000
0.000000
0.000000
0.000000
0.000000
0.000000
0.000000
0.000000
0.000000
0.000000
0.000000
0.000000
0.000000
0.000000
0.000000
0.000000
0.000000
0.000000
0.000000
0.000000
0.000000
0.000000
0.000000
0.000000
0.000000
0.000000
0.000000
0.000000
0.000000
0.000000
0.000000
0.000000
0.000000
0.000000
0.000000
0.000000
0.000000
0.000000
0.000000
0.000000
0.000000
0.000000
0.000000
0.000000
0.000000
0.000000
0.000000
0.000000
0.000000
0.000000
0.000000
0.000000
0.000000
0.000000
0.000000
0.000000
0.000000
0.000000
0.000000
0.000000
0.000000
0.000000
0.000000
0.000000
0.000000
0.000000
0.000000
0.000000
0.000000
0.000000
0.000000
0.000000
0.000000
0.000000
0.000000
0.000000
0.000000
0.000000
0.000000
0.000000
0.000000
0.000000
0.000000
0.000000
0.000000
0.000000
0.000000
0.000000
0.000000
0.000000
0.000000
0.000000
0.000000
0.000000
0.000000
0.000000
0.000000
0.000000
0.000000
0.000000
0.000000
0.000000
0.000000
0.000000
0.000000
0.000000
0.000000
0.000000
0.000000
0.000000
0.000000
0.000000
0.000000
0.000000
0.000000
0.000000
0.000000
0.000000
0.000000
0.000000
0.000000
0.000000
0.000000
0.000000
0.000000
0.000000
0.000000
0.000000
0.000000
0.000000
0.000000
0.000000
0.000000
0.000000
0.000000
0.000000
0.000000
0.000000
0.000000
0.000000
0.000000
0.000000
0.000000
0.000000
0.000000
0.000000
0.000000
0.000000
0.000000
0.000000
0.000000
0.000000
0.000000
0.000000
0.000000
0.000000
0.000000
0.000000
0.000000
0.000000
0.000000
0.000000
0.000000
0.000000
0.000000
0.000000
0.000000
0.000000
0.000000
0.000000
0.000000
0.000000
0.000000
0.000000
0.000000
0.000000
0.000000
0.000000
0.000000
0.000000
0.000000
0.000000
0.000000
0.000000
0.000000
0.000000
0.000000
0.000000
0.000000
0.000000
0.000000
0.000000
0.000000
0.000000
0.000000
0.000000
0.000000
0.000000
0.000000
0.000000
0.000000
0.000000
0.000000
0.000000
0.000000
0.000000
0.000000
0.000000
0.000000
0.000000
0.000000
0.000000
0.000000
0.000000
0.000000
0.000000
0.000000
0.000000
0.000000
0.000000
0.000000
0.000000
0.000000
0.000000
0.000000
0.000000
0.000000
0.000000
0.000000
0.000000
0.000000
0.000000
0.000000
0.000000
0.000000
0.000000
0.000000
0.000000
0.000000
0.000000
0.000000
0.000000
0.000000
0.000000
0.000000
0.000000
0.000000
0.000000
0.000000
0.000000
0.000000
0.000000
0.000000
0.000000
0.000000
0.000000
0.000000
0.000000
0.000000
0.000000
0.000000
0.000000
0.000000
0.000000
0.000000
0.000000
0.000000
0.000000
0.000000
0.000000
0.000000
0.000000
0.000000
0.000000
0.000000
0.000000
0.000000
0.000000
0.000000
0.000000
0.000000
0.000000
0.000000
0.000000
0.000000
0.000000
0.000000
0.000000
0.000000
0.000000
0.000000
0.000000
0.000000
0.000000
0.000000
0.000000
0.000000
0.000000
0.000000
0.000000
0.000000
0.000000
0.000000
0.000000
0.000000
0.000000
0.000000
0.000000
0.000000
0.000000
0.000000
0.000000
0.000000
0.000000
0.000000
0.000000
0.000000
0.000000
0.000000
0.000000
0.000000
0.000000
0.000000
0.000000
0.000000
0.000000
0.000000
0.000000
0.000000
0.000000
0.000000
0.000000
0.000000
0.000000
0.000000
0.000000
0.000000
0.000000
0.000000
0.000000
0.000000
0.000000
0.000000
0.000000
0.000000
0.000000
0.000000
0.000000
0.000000
0.000000
0.000000
0.000000
0.000000
0.000000
0.000000
0.000000
0.000000
0.000000
0.000000
0.000000
0.000000
0.000000
0.000000
0.000000
0.000000
0.000000
0.000000
0.000000
0.000000
0.000000
0.000000
0.000000
0.000000
0.000000
0.000000
0.000000
0.000000
0.000000
0.000000
0.000000
0.000000
0.000000
0.000000
0.000000
0.000000
0.000000
0.000000
0.000000
0.000000
0.000000
0.000000
0.000000
0.000000
0.000000
0.000000
0.000000
0.000000
0.000000
0.000000
0.000000
0.000000
0.000000
0.000000
0.000000
0.000000
0.000000
0.000000
0.000000
0.000000
0.000000
0.000000
0.000000
0.000000
0.000000
0.000000
0.000000
0.000000
0.000000
0.000000
0.000000
0.000000
0.000000
0.000000
0.000000
0.000000
0.000000
0.000000
0.000000
0.000000
0.000000
0.000000
0.000000
0.000000
0.000000
0.000000
0.000000
0.000000
0.000000
0.000000
0.000000
0.000000
0.000000
0.000000
0.000000
0.000000
0.000000
0.000000
0.000000
0.000000
0.000000
0.000000
0.000000
0.000000
0.000000
0.000000
0.000000
0.000000
0.000000
0.000000
0.000000
0.000000
0.000000
0.000000
0.000000
0.000000
0.000000
0.000000
0.000000
0.000000
0.000000
0.000000
0.000000
0.000000
0.000000
0.000000
0.000000
0.000000
0.000000
0.000000
0.000000
0.000000
0.000000
0.000000
0.000000
0.000000
0.000000
0.000000
0.000000
0.000000
0.000000
0.000000
0.000000
0.000000
0.000000
0.000000
0.000000
0.000000
0.000000
0.000000
0.000000
0.000000
0.000000
0.000000
0.000000
0.000000
0.000000
0.000000
0.000000
0.000000
0.000000
0.000000
0.000000
0.000000
0.000000
0.000000
0.000000
0.000000
0.000000
0.000000
0.000000
0.000000
0.000000
0.000000
0.000000
0.000000
0.000000
0.000000
0.000000
0.000000
0.000000
0.000000
0.000000
0.000000
0.000000
0.000000
0.000000
0.000000
0.000000
0.000000
0.000000
0.000000
0.000000
0.000000
0.000000
0.000000
0.000000
0.000000
0.000000
0.000000
0.000000
0.000000
0.000000
0.000000
0.000000
0.000000
0.000000
0.000000
0.000000
0.000000
0.000000
0.000000
0.000000
0.000000
0.000000
0.000000
0.000000
0.000000
0.000000
0.000000
0.000000
0.000000
0.000000
0.000000
0.000000
0.000000
0.000000
0.000000
0.000000
0.000000
0.000000
0.000000
0.000000
0.000000
0.000000
0.000000
0.000000
0.000000
0.000000
0.000000
0.000000
0.000000
0.000000
0.000000
0.000000
0.000000
0.000000
0.000000
0.000000
0.000000
0.000000
0.000000
0.000000
0.000000
0.000000
0.000000
0.000000
0.000000
0.000000
0.000000
0.000000
0.000000
0.000000
0.000000
0.000000
0.000000
0.000000
0.000000
0.000000
0.000000
0.000000
0.000000
0.000000
0.000000
0.000000
0.000000
0.000000
0.000000
0.000000
0.000000
0.000000
0.000000
0.000000
0.000000
0.000000
0.000000
0.000000
0.000000
0.000000
0.000000
0.000000
0.000000
0.000000
0.000000
0.000000
0.000000
0.000000
0.000000
0.000000
0.000000
0.000000
0.000000
0.000000
0.000000
0.000000
0.000000
0.000000
0.000000
0.000000
0.000000
0.000000
0.000000
0.000000
0.000000
0.000000
0.000000
0.000000
0.000000
0.000000
0.000000
0.000000
0.000000
0.000000
0.000000
0.000000
0.000000
0.000000
0.000000
0.000000
0.000000
0.000000
0.000000
0.000000
0.000000
0.000000
0.000000
0.000000
0.000000
0.000000
0.000000
0.000000
0.000000
0.000000
0.000000
0.000000
0.000000
0.000000
0.000000
0.000000
0.000000
0.000000
0.000000
0.000000
0.000000
0.000000
0.000000
0.000000
0.000000
0.000000
0.000000
0.000000
0.000000
0.000000
0.000000
0.000000
0.000000
0.000000
0.000000
0.000000
0.000000
0.000000
0.000000
0.000000
0.000000
0.000000
0.000000
0.000000
0.000000
0.000000
0.000000
0.000000
0.000000
0.000000
0.000000
0.000000
0.000000
0.000000
0.000000
0.000000
0.000000
0.000000
0.000000
0.000000
0.000000
0.000000
0.000000
0.000000
0.000000
0.000000
0.000000
0.000000
0.000000
0.000000
0.000000
0.000000
0.000000
0.000000
0.000000
0.000000
0.000000
0.000000
0.000000
0.000000
0.000000
0.000000
0.000000
0.000000
0.000000
0.000000
0.000000
0.000000
0.000000
0.000000
0.000000
0.000000
0.000000
0.000000
0.000000
0.000000
0.000000
0.000000
0.000000
0.000000
0.000000
0.000000
0.000000
0.000000
0.000000
0.000000
0.000000
0.000000
0.000000
0.000000
0.000000
0.000000
0.000000
0.000000
0.000000
0.000000
0.000000
0.000000
0.000000
0.000000
0.000000
0.000000
0.000000
0.000000
0.000000
0.000000
0.000000
0.000000
0.000000
0.000000
0.000000
0.000000
0.000000
0.000000
0.000000
0.000000
0.000000
0.000000
0.000000
0.000000
0.000000
0.000000
0.000000
0.000000
0.000000
0.000000
0.000000
0.000000
0.000000
0.000000
0.000000
0.000000
0.000000
0.000000
0.000000
0.000000
0.000000
0.000000
0.000000
0.000000
0.000000
0.000000
0.000000
0.000000
0.000000
0.000000
0.000000
0.000000
0.000000
0.000000
0.000000
0.000000
0.000000
0.000000
0.000000
0.000000
0.000000
0.000000
0.000000
0.000000
0.000000
0.000000
0.000000
0.000000
0.000000
0.000000
0.000000
0.000000
0.000000
0.000000
0.000000
0.000000
0.000000
0.000000
0.000000
0.000000
0.000000
0.000000
0.000000
0.000000
0.000000
0.000000
0.000000
0.000000
0.000000
0.000000
0.000000
0.000000
0.000000
0.000000
0.000000
0.000000
0.000000
0.000000
0.000000
0.000000
0.000000
0.000000
0.000000
0.000000
0.000000
0.000000
0.000000
0.000000
0.000000
0.000000
0.000000
0.000000
0.000000
0.000000
0.000000
0.000000
0.000000
0.000000
0.000000
0.000000
0.000000
0.000000
0.000000
0.000000
0.000000
0.000000
0.000000
0.000000
0.000000
0.000000
0.000000
0.000000
0.000000
0.000000
0.000000
0.000000
0.000000
0.000000
0.000000
0.000000
0.000000
0.000000
0.000000
0.000000
0.000000
0.000000
0.000000
0.000000
0.000000
0.000000
0.000000
0.000000
0.000000
0.000000
0.000000
0.000000
0.000000
0.000000
0.000000
0.000000
0.000000
0.000000
0.000000
0.000000
0.000000
0.000000
0.000000
0.000000
0.000000
0.000000
0.000000
0.000000
0.000000
0.000000
0.000000
0.000000
0.000000
0.000000
0.000000
0.000000
0.000000
0.000000
0.000000
0.000000
0.000000
0.000000
0.000000
0.000000
0.000000
0.000000
0.000000
0.000000
0.000000
0.000000
0.000000
0.000000
0.000000
0.000000
0.000000
0.000000
0.000000
0.000000
0.000000
0.000000
0.000000
0.000000
0.000000
0.000000
0.000000
0.000000
0.000000
0.000000
0.000000
0.000000
0.000000
0.000000
0.000000
0.000000
0.000000
0.000000
0.000000
0.000000
0.000000
0.000000
0.000000
0.000000
0.000000
0.000000
0.000000
0.000000
0.000000
0.000000
0.000000
0.000000
0.000000
0.000000
0.000000
0.000000
0.000000
0.000000
0.000000
0.000000
0.000000
0.000000
0.000000
0.000000
0.000000
0.000000
0.000000
0.000000
0.000000
0.000000
0.000000
0.000000
0.000000
0.000000
0.000000
0.000000
0.000000
0.000000
0.000000
0.000000
0.000000
0.000000
0.000000
0.000000
0.000000
0.000000
0.000000
0.000000
0.000000
0.000000
0.000000
0.000000
0.000000
0.000000
0.000000
0.000000
0.000000
0.000000
0.000000
0.000000
0.000000
0.000000
0.000000
0.000000
0.000000
0.000000
0.000000
0.000000
0.000000
0.000000
0.000000
0.000000
0.000000
0.000000
0.000000
0.000000
0.000000
0.000000
0.000000
0.000000
0.000000
0.000000
0.000000
0.000000
0.000000
0.000000
0.000000
0.000000
0.000000
0.000000
0.000000
0.000000
0.000000
0.000000
0.000000
0.000000
0.000000
0.000000
0.000000
0.000000
0.000000
0.000000
0.000000
0.000000
0.000000
0.000000
0.000000
0.000000
0.000000
0.000000
0.000000
0.000000
0.000000
0.000000
0.000000
0.000000
0.000000
0.000000
0.000000
0.000000
0.000000
0.000000
0.000000
0.000000
0.000000
0.000000
0.000000
0.000000
0.000000
0.000000
0.000000
0.000000
0.000000
0.000000
0.000000
0.000000
0.000000
0.000000
0.000000
0.000000
0.000000
0.000000
0.000000
0.000000
0.000000
0.000000
0.000000
0.000000
0.000000
0.000000
0.000000
0.000000
0.000000
0.000000
0.000000
0.000000
0.000000
0.000000
0.000000
0.000000
0.000000
0.000000
0.000000
0.000000
0.000000
0.000000
0.000000
0.000000
0.000000
0.000000
0.000000
0.000000
0.000000
0.000000
0.000000
0.000000
0.000000
0.000000
0.000000
0.000000
0.000000
0.000000
0.000000
0.000000
0.000000
0.000000
0.000000
0.000000
0.000000
0.000000
0.000000
0.000000
0.000000
0.000000
0.000000
0.000000
0.000000
0.000000
0.000000
0.000000
0.000000
0.000000
0.000000
0.000000
0.000000
0.000000
0.000000
0.000000
0.000000
0.000000
0.000000
0.000000
0.000000
0.000000
0.000000
0.000000
0.000000
0.000000
0.000000
0.000000
0.000000
0.000000
0.000000
0.000000
0.000000
0.000000
0.000000
0.000000
0.000000
0.000000
0.000000
0.000000
0.000000
0.000000
0.000000
0.000000
0.000000
0.000000
0.000000
0.000000
0.000000
0.000000
0.000000
0.000000
0.000000
0.000000
0.000000
0.000000
0.000000
0.000000
0.000000
0.000000
0.000000
0.000000
0.000000
0.000000
0.000000
0.000000
0.000000
0.000000
0.000000
0.000000
0.000000
0.000000
0.000000
0.000000
0.000000
0.000000
0.000000
0.000000
0.000000
0.000000
0.000000
0.000000
0.000000
0.000000
0.000000
0.000000
0.000000
0.000000
0.000000
0.000000
0.000000
0.000000
0.000000
0.000000
0.000000
0.000000
0.000000
0.000000
0.000000
0.000000
0.000000
0.000000
0.000000
0.000000
0.000000
0.000000
0.000000
0.000000
0.000000
0.000000
0.000000
0.000000
0.000000
0.000000
0.000000
0.000000
0.000000
0.000000
0.000000
0.000000
0.000000
0.000000
0.000000
0.000000
0.000000
0.000000
0.000000
0.000000
0.000000
0.000000
0.000000
0.000000
0.000000
0.000000
0.000000
0.000000
0.000000
0.000000
0.000000
0.000000
0.000000
0.000000
0.000000
0.000000
0.000000
0.000000
0.000000
0.000000
0.000000
0.000000
0.000000
0.000000
0.000000
0.000000
0.000000
0.000000
0.000000
0.000000
0.000000
0.000000
0.000000
0.000000
0.000000
0.000000
0.000000
0.000000
0.000000
0.000000
0.000000
0.000000
0.000000
0.000000
0.000000
0.000000
0.000000
0.000000
0.000000
0.000000
0.000000
0.000000
0.000000
0.000000
0.000000
0.000000
0.000000
0.000000
0.000000
0.000000
0.000000
0.000000
0.000000
0.000000
0.000000
0.000000
0.000000
0.000000
0.000000
0.000000
0.000000
0.000000
0.000000
0.000000
0.000000
0.000000
0.000000
0.000000
0.000000
0.000000
0.000000
0.000000
0.000000
0.000000
0.000000
0.000000
0.000000
0.000000
0.000000
0.000000
0.000000
0.000000
0.000000
0.000000
0.000000
0.000000
0.000000
0.000000
0.000000
0.000000
0.000000
0.000000
0.000000
0.000000
0.000000
0.000000
0.000000
0.000000
0.000000
0.000000
0.000000
0.000000
0.000000
0.000000
0.000000
0.000000
0.000000
0.000000
0.000000
0.000000
0.000000
0.000000
0.000000
0.000000
0.000000
0.000000
0.000000
0.000000
0.000000
0.000000
0.000000
0.000000
0.000000
0.000000
0.000000
0.000000
0.000000
0.000000
0.000000
0.000000
0.000000
0.000000
0.000000
0.000000
0.000000
0.000000
0.000000
0.000000
0.000000
0.000000
0.000000
0.000000
0.000000
0.000000
0.000000
0.000000
0.000000
0.000000
0.000000
0.000000
0.000000
0.000000
0.000000
0.000000
0.000000
0.000000
0.000000
0.000000
0.000000
0.000000
0.000000
0.000000
0.000000
0.000000
0.000000
0.000000
0.000000
0.000000
0.000000
0.000000
0.000000
0.000000
0.000000
0.000000
0.000000
0.000000
0.000000
0.000000
0.000000
0.000000
0.000000
0.000000
0.000000
0.000000
0.000000
0.000000
0.000000
0.000000
0.000000
0.000000
0.000000
0.000000
0.000000
0.000000
0.000000
0.000000
0.000000
0.000000
0.000000
0.000000
0.000000
0.000000
0.000000
0.000000
0.000000
0.000000
0.000000
0.000000
0.000000
0.000000
0.000000
0.000000
0.000000
0.000000
0.000000
0.000000
0.000000
0.000000
0.000000
0.000000
0.000000
0.000000
0.000000
0.000000
0.000000
0.000000
0.000000
0.000000
0.000000
0.000000
0.000000
0.000000
0.000000
0.000000
0.000000
0.000000
0.000000
0.000000
0.000000
0.000000
0.000000
0.000000
0.000000
0.000000
0.000000
0.000000
0.000000
0.000000
0.000000
0.000000
0.000000
0.000000
0.000000
0.000000
0.000000
0.000000
0.000000
0.000000
0.000000
0.000000
0.000000
0.000000
0.000000
0.000000
0.000000
0.000000
0.000000
0.000000
0.000000
0.000000
0.000000
0.000000
0.000000
0.000000
0.000000
0.000000
0.000000
0.000000
0.000000
0.000000
0.000000
0.000000
0.000000
0.000000
0.000000
0.000000
0.000000
0.000000
0.000000
0.000000
0.000000
0.000000
0.000000
0.000000
0.000000
0.000000
0.000000
0.000000
0.000000
0.000000
0.000000
0.000000
0.000000
0.000000
0.000000
0.000000
0.000000
0.000000
0.000000
0.000000
0.000000
0.000000
0.000000
0.000000
0.000000
0.000000
0.000000
0.000000
0.000000
0.000000
0.000000
0.000000
0.000000
0.000000
0.000000
0.000000
0.000000
0.000000
0.000000
0.000000
0.000000
0.000000
0.000000
0.000000
0.000000
0.000000
0.000000
0.000000
0.000000
0.000000
0.000000
0.000000
0.000000
0.000000
0.000000
0.000000
0.000000
0.000000
0.000000
0.000000
0.000000
0.000000
0.000000
0.000000
0.000000
0.000000
0.000000
0.000000
0.000000
0.000000
0.000000
0.000000
0.000000
0.000000
0.000000
0.000000
0.000000
0.000000
0.000000
0.000000
0.000000
0.000000
0.000000
0.000000
0.000000
0.000000
0.000000
0.000000
0.000000
0.000000
0.000000
0.000000
0.000000
0.000000
0.000000
0.000000
0.000000
0.000000
0.000000
0.000000
0.000000
0.000000
0.000000
0.000000
0.000000
0.000000
0.000000
0.000000
0.000000
0.000000
0.000000
0.000000
0.000000
0.000000
0.000000
0.000000
0.000000
0.000000
0.000000
0.000000
0.000000
0.000000
0.000000
0.000000
0.000000
0.000000
0.000000
0.000000
0.000000
0.000000
0.000000
0.000000
0.000000
0.000000
0.000000
0.000000
0.000000
0.000000
0.000000
0.000000
0.000000
0.000000
0.000000
0.000000
0.000000
0.000000
0.000000
0.000000
0.000000
0.000000
0.000000
0.000000
0.000000
0.000000
0.000000
0.000000
0.000000
0.000000
0.000000
0.000000
0.000000
0.000000
0.000000
0.000000
0.000000
0.000000
0.000000
0.000000
0.000000
0.000000
0.000000
0.000000
0.000000
0.000000
0.000000
0.000000
0.000000
0.000000
0.000000
0.000000
0.000000
0.000000
0.000000
0.000000
0.000000
0.000000
0.000000
0.000000
0.000000
0.000000
0.000000
0.000000
0.000000
0.000000
0.000000
0.000000
0.000000
0.000000
0.000000
0.000000
0.000000
0.000000
0.000000
0.000000
0.000000
0.000000
0.000000
0.000000
0.000000
0.000000
0.000000
0.000000
0.000000
0.000000
0.000000
0.000000
0.000000
0.000000
0.000000
0.000000
0.000000
0.000000
0.000000
0.000000
0.000000
0.000000
0.000000
0.000000
0.000000
0.000000
0.000000
0.000000
0.000000
0.000000
0.000000
0.000000
0.000000
0.000000
0.000000
0.000000
0.000000
0.000000
0.000000
0.000000
0.000000
0.000000
0.000000
0.000000
0.000000
0.000000
0.000000
0.000000
0.000000
0.000000
0.000000
0.000000
0.000000
0.000000
0.000000
0.000000
0.000000
0.000000
0.000000
0.000000
0.000000
0.000000
0.000000
0.000000
0.000000
0.000000
0.000000
0.000000
0.000000
0.000000
0.000000
0.000000
0.000000
0.000000
0.000000
0.000000
0.000000
0.000000
0.000000
0.000000
0.000000
0.000000
0.000000
0.000000
0.000000
0.000000
0.000000
0.000000
0.000000
0.000000
0.000000
0.000000
0.000000
0.000000
0.000000
0.000000
0.000000
0.000000
0.000000
0.000000
0.000000
0.000000
0.000000
0.000000
0.000000
0.000000
0.000000
0.000000
0.000000
0.000000
0.000000
0.000000
0.000000
0.000000
0.000000
0.000000
0.000000
0.000000
0.000000
0.000000
0.000000
0.000000
0.000000
0.000000
0.000000
0.000000
0.000000
0.000000
0.000000
0.000000
0.000000
0.000000
0.000000
0.000000
0.000000
0.000000
0.000000
0.000000
0.000000
0.000000
0.000000
0.000000
0.000000
0.000000
0.000000
0.000000
0.000000
0.000000
0.000000
0.000000
0.000000
0.000000
0.000000
0.000000
0.000000
0.000000
0.000000
0.000000
0.000000
0.000000
0.000000
0.000000
0.000000
0.000000
0.000000
0.000000
0.000000
0.000000
0.000000
0.000000
0.000000
0.000000
0.000000
0.000000
0.000000
0.000000
0.000000
0.000000
0.000000
0.000000
0.000000
0.000000
0.000000
0.000000
0.000000
0.000000
0.000000
0.000000
0.000000
0.000000
0.000000
0.000000
0.000000
0.000000
0.000000
0.000000
0.000000
0.000000
0.000000
0.000000
0.000000
0.000000
0.000000
0.000000
0.000000
0.000000
0.000000
0.000000
0.000000
0.000000
0.000000
0.000000
0.000000
0.000000
0.000000
0.000000
0.000000
0.000000
0.000000
0.000000
0.000000
0.000000
0.000000
0.000000
0.000000
0.000000
0.000000
0.000000
0.000000
0.000000
0.000000
0.000000
0.000000
0.000000
0.000000
0.000000
0.000000
0.000000
0.000000
0.000000
0.000000
0.000000
0.000000
0.000000
0.000000
0.000000
0.000000
0.000000
0.000000
0.000000
0.000000
0.000000
0.000000
0.000000
0.000000
0.000000
0.000000
0.000000
0.000000
0.000000
0.000000
0.000000
0.000000
0.000000
0.000000
0.000000
0.000000
0.000000
0.000000
0.000000
0.000000
0.000000
0.000000
0.000000
0.000000
0.000000
0.000000
0.000000
0.000000
0.000000
0.000000
0.000000
0.000000
0.000000
0.000000
0.000000
0.000000
0.000000
0.000000
0.000000
0.000000
0.000000
0.000000
0.000000
0.000000
0.000000
0.000000
0.000000
0.000000
0.000000
0.000000
0.000000
0.000000
0.000000
0.000000
0.000000
0.000000
0.000000
0.000000
0.000000
0.000000
0.000000
0.000000
0.000000
0.000000
0.000000
0.000000
0.000000
0.000000
0.000000
0.000000
0.000000
0.000000
0.000000
0.000000
0.000000
0.000000
0.000000
0.000000
0.000000
0.000000
0.000000
0.000000
0.000000
0.000000
0.000000
0.000000
0.000000
0.000000
0.000000
0.000000
0.000000
0.000000
0.000000
0.000000
0.000000
0.000000
0.000000
0.000000
0.000000
0.000000
0.000000
0.000000
0.000000
0.000000
0.000000
0.000000
0.000000
0.000000
0.000000
0.000000
0.000000
0.000000
0.000000
0.000000
0.000000
0.000000
0.000000
0.000000
0.000000
0.000000
0.000000
0.000000
0.000000
0.000000
0.000000
0.000000
0.000000
0.000000
0.000000
0.000000
0.000000
0.000000
0.000000
0.000000
0.000000
0.000000
0.000000
0.000000
0.000000
0.000000
0.000000
0.000000
0.000000
0.000000
0.000000
0.000000
0.000000
0.000000
0.000000
0.000000
0.000000
0.000000
0.000000
0.000000
0.000000
0.000000
0.000000
0.000000
0.000000
0.000000
0.000000
0.000000
0.000000
0.000000
0.000000
0.000000
0.000000
0.000000
0.000000
0.000000
0.000000
0.000000
0.000000
0.000000
0.000000
0.000000
0.000000
0.000000
0.000000
0.000000
0.000000
0.000000
0.000000
0.000000
0.000000
0.000000
0.000000
0.000000
0.000000
0.000000
0.000000
0.000000
0.000000
0.000000
0.000000
0.000000
0.000000
0.000000
0.000000
0.000000
0.000000
0.000000
0.000000
0.000000
0.000000
0.000000
0.000000
0.000000
0.000000
0.000000
0.000000
0.000000
0.000000
0.000000
0.000000
0.000000
0.000000
0.000000
0.000000
0.000000
0.000000
0.000000
0.000000
0.000000
0.000000
0.000000
0.000000
0.000000
0.000000
0.000000
0.000000
0.000000
0.000000
0.000000
0.000000
0.000000
0.000000
0.000000
0.000000
0.000000
0.000000
0.000000
0.000000
0.000000
0.000000
0.000000
0.000000
0.000000
0.000000
0.000000
0.000000
0.000000
0.000000
0.000000
0.000000
0.000000
0.000000
0.000000
0.000000
0.000000
0.000000
0.000000
0.000000
0.000000
0.000000
0.000000
0.000000
0.000000
0.000000
0.000000
0.000000
0.000000
0.000000
0.000000
0.000000
0.000000
0.000000
0.000000
0.000000
0.000000
0.000000
0.000000
0.000000
0.000000
0.000000
0.000000
0.000000
0.000000
0.000000
0.000000
0.000000
0.000000
0.000000
0.000000
0.000000
0.000000
0.000000
0.000000
0.000000
0.000000
0.000000
0.000000
0.000000
0.000000
0.000000
0.000000
0.000000
0.000000
0.000000
0.000000
0.000000
0.000000
0.000000
0.000000
0.000000
0.000000
0.000000
0.000000
0.000000
0.000000
0.000000
0.000000
0.000000
0.000000
0.000000
0.000000
0.000000
0.000000
0.000000
0.000000
0.000000
0.000000
0.000000
0.000000
0.000000
0.000000
0.000000
0.000000
0.000000
0.000000
0.000000
0.000000
0.000000
0.000000
0.000000
0.000000
0.000000
0.000000
0.000000
0.000000
0.000000
0.000000
0.000000
0.000000
0.000000
0.000000
0.000000
0.000000
0.000000
0.000000
0.000000
0.000000
0.000000
0.000000
0.000000
0.000000
0.000000
0.000000
0.000000
0.000000
0.000000
0.000000
0.000000
0.000000
0.000000
0.000000
0.000000
0.000000
0.000000
0.000000
0.000000
0.000000
0.000000
0.000000
0.000000
0.000000
0.000000
0.000000
0.000000
0.000000
0.000000
0.000000
0.000000
0.000000
0.000000
0.000000
0.000000
0.000000
0.000000
0.000000
0.000000
0.000000
0.000000
0.000000
0.000000
0.000000
0.000000
0.000000
0.000000
0.000000
0.000000
0.000000
0.000000
0.000000
0.000000
0.000000
0.000000
0.000000
0.000000
0.000000
0.000000
0.000000
0.000000
0.000000
0.000000
0.000000
0.000000
0.000000
0.000000
0.000000
0.000000
0.000000
0.000000
0.000000
0.000000
0.000000
0.000000
0.000000
0.000000
0.000000
0.000000
0.000000
0.000000
0.000000
0.000000
0.000000
0.000000
0.000000
0.000000
0.000000
0.000000
0.000000
0.000000
0.000000
0.000000
0.000000
0.000000
0.000000
0.000000
0.000000
0.000000
0.000000
0.000000
0.000000
0.000000
0.000000
0.000000
0.000000
0.000000
0.000000
0.000000
0.000000
0.000000
0.000000
0.000000
0.000000
0.000000
0.000000
0.000000
0.000000
0.000000
0.000000
0.000000
0.000000
0.000000
0.000000
0.000000
0.000000
0.000000
0.000000
0.000000
0.000000
0.000000
0.000000
0.000000
0.000000
0.000000
0.000000
0.000000
0.000000
0.000000
0.000000
0.000000
0.000000
0.000000
0.000000
0.000000
0.000000
0.000000
0.000000
0.000000
0.000000
0.000000
0.000000
0.000000
0.000000
0.000000
0.000000
0.000000
0.000000
0.000000
0.000000
0.000000
0.000000
0.000000
0.000000
0.000000
0.000000
0.000000
0.000000
0.000000
0.000000
0.000000
0.000000
0.000000
0.000000
0.000000
0.000000
0.000000
0.000000
0.000000
0.000000
0.000000
0.000000
0.000000
0.000000
0.000000
0.000000
0.000000
0.000000
0.000000
0.000000
0.000000
0.000000
0.000000
0.000000
0.000000
0.000000
0.000000
0.000000
0.000000
0.000000
0.000000
0.000000
0.000000
0.000000
0.000000
0.000000
0.000000
0.000000
0.000000
0.000000
0.000000
0.000000
0.000000
0.000000
0.000000
0.000000
0.000000
0.000000
0.000000
0.000000
0.000000
0.000000
0.000000
0.000000
0.000000
0.000000
0.000000
0.000000
0.000000
0.000000
0.000000
0.000000
0.000000
0.000000
0.000000
0.000000
0.000000
0.000000
0.000000
0.000000
0.000000
0.000000
0.000000
0.000000
0.000000
0.000000
0.000000
0.000000
0.000000
0.000000
0.000000
0.000000
0.000000
0.000000
0.000000
0.000000
0.000000
0.000000
0.000000
0.000000
0.000000
0.000000
0.000000
0.000000
0.000000
0.000000
0.000000
0.000000
0.000000
0.000000
0.000000
0.000000
0.000000
0.000000
0.000000
0.000000
0.000000
0.000000
0.000000
0.000000
0.000000
0.000000
0.000000
0.000000
0.000000
0.000000
0.000000
0.000000
0.000000
0.000000
0.000000
0.000000
0.000000
0.000000
0.000000
0.000000
0.000000
0.000000
0.000000
0.000000
0.000000
0.000000
0.000000
0.000000
0.000000
0.000000
0.000000
0.000000
0.000000
0.000000
0.000000
0.000000
0.000000
0.000000
0.000000
0.000000
0.000000
0.000000
0.000000
0.000000
0.000000
0.000000
0.000000
0.000000
0.000000
0.000000
0.000000
0.000000
0.000000
0.000000
0.000000
0.000000
0.000000
0.000000
0.000000
0.000000
0.000000
0.000000
0.000000
0.000000
0.000000
0.000000
0.000000
0.000000
0.000000
0.000000
0.000000
0.000000
0.000000
0.000000
0.000000
0.000000
0.000000
0.000000
0.000000
0.000000
0.000000
0.000000
0.000000
0.000000
0.000000
0.000000
0.000000
0.000000
0.000000
0.000000
0.000000
0.000000
0.000000
0.000000
0.000000
0.000000
0.000000
0.000000
0.000000
0.000000
0.000000
0.000000
0.000000
0.000000
0.000000
0.000000
0.000000
0.000000
0.000000
0.000000
0.000000
0.000000
0.000000
0.000000
0.000000
0.000000
0.000000
0.000000
0.000000
0.000000
0.000000
0.000000
0.000000
0.000000
0.000000
0.000000
0.000000
0.000000
0.000000
0.000000
0.000000
0.000000
0.000000
0.000000
0.000000
0.000000
0.000000
0.000000
0.000000
0.000000
0.000000
0.000000
0.000000
0.000000
0.000000
0.000000
0.000000
0.000000
0.000000
0.000000
0.000000
0.000000
0.000000
0.000000
0.000000
0.000000
0.000000
0.000000
0.000000
0.000000
0.000000
0.000000
0.000000
0.000000
0.000000
0.000000
0.000000
0.000000
0.000000
0.000000
0.000000
0.000000
0.000000
0.000000
0.000000
0.000000
0.000000
0.000000
0.000000
0.000000
0.000000
0.000000
0.000000
0.000000
0.000000
0.000000
0.000000
0.000000
0.000000
0.000000
0.000000
0.000000
0.000000
0.000000
0.000000
0.000000
0.000000
0.000000
0.000000
0.000000
0.000000
0.000000
0.000000
0.000000
0.000000
0.000000
0.000000
0.000000
0.000000
0.000000
0.000000
0.000000
0.000000
0.000000
0.000000
0.000000
0.000000
0.000000
0.000000
0.000000
0.000000
0.000000
0.000000
0.000000
0.000000
0.000000
0.000000
0.000000
0.000000
0.000000
0.000000
0.000000
0.000000
0.000000
0.000000
0.000000
0.000000
0.000000
0.000000
0.000000
0.000000
0.000000
0.000000
0.000000
0.000000
0.000000
0.000000
0.000000
0.000000
0.000000
0.000000
0.000000
0.000000
0.000000
0.000000
0.000000
0.000000
0.000000
0.000000
0.000000
0.000000
0.000000
0.000000
0.000000
0.000000
0.000000
0.000000
0.000000
0.000000
0.000000
0.000000
0.000000
0.000000
0.000000
0.000000
0.000000
0.000000
0.000000
0.000000
0.000000
0.000000
0.000000
0.000000
0.000000
0.000000
0.000000
0.000000
0.000000
0.000000
0.000000
0.000000
0.000000
0.000000
0.000000
0.000000
0.000000
0.000000
0.000000
0.000000
0.000000
0.000000
0.000000
0.000000
0.000000
0.000000
0.000000
0.000000
0.000000
0.000000
0.000000
0.000000
0.000000
0.000000
0.000000
0.000000
0.000000
0.000000
0.000000
0.000000
0.000000
0.000000
0.000000
0.000000
0.000000
0.000000
0.000000
0.000000
0.000000
0.000000
0.000000
0.000000
0.000000
0.000000
0.000000
0.000000
0.000000
0.000000
0.000000
0.000000
0.000000
0.000000
0.000000
0.000000
0.000000
0.000000
0.000000
0.000000
0.000000
0.000000
0.000000
0.000000
0.000000
0.000000
0.000000
0.000000
0.000000
0.000000
0.000000
0.000000
0.000000
0.000000
0.000000
0.000000
0.000000
0.000000
0.000000
0.000000
0.000000
0.000000
0.000000
0.000000
0.000000
0.000000
0.000000
0.000000
0.000000
0.000000
0.000000
0.000000
0.000000
0.000000
0.000000
0.000000
0.000000
0.000000
0.000000
0.000000
0.000000
0.000000
0.000000
0.000000
0.000000
0.000000
0.000000
0.000000
0.000000
0.000000
0.000000
0.000000
0.000000
0.000000
0.000000
0.000000
0.000000
0.000000
0.000000
0.000000
0.000000
0.000000
0.000000
0.000000
0.000000
0.000000
0.000000
0.000000
0.000000
0.000000
0.000000
0.000000
0.000000
0.000000
0.000000
0.000000
0.000000
0.000000
0.000000
0.000000
0.000000
0.000000
0.000000
0.000000
0.000000
0.000000
0.000000
0.000000
0.000000
0.000000
0.000000
0.000000
0.000000
0.000000
0.000000
0.000000
0.000000
0.000000
0.000000
0.000000
0.000000
0.000000
0.000000
0.000000
0.000000
0.000000
0.000000
0.000000
0.000000
0.000000
0.000000
0.000000
0.000000
0.000000
0.000000
0.000000
0.000000
0.000000
0.000000
0.000000
0.000000
0.000000
0.000000
0.000000
0.000000
0.000000
0.000000
0.000000
0.000000
0.000000
0.000000
0.000000
0.000000
0.000000
0.000000
0.000000
0.000000
0.000000
0.000000
0.000000
0.000000
0.000000
0.000000
0.000000
0.000000
0.000000
0.000000
0.000000
0.000000
0.000000
0.000000
0.000000
0.000000
0.000000
0.000000
0.000000
0.000000
0.000000
0.000000
0.000000
0.000000
0.000000
0.000000
0.000000
0.000000
0.000000
0.000000
0.000000
0.000000
0.000000
0.000000
0.000000
0.000000
0.000000
0.000000
0.000000
0.000000
0.000000
0.000000
0.000000
0.000000
0.000000
0.000000
0.000000
0.000000
0.000000
0.000000
0.000000
0.000000
0.000000
0.000000
0.000000
0.000000
0.000000
0.000000
0.000000
0.000000
0.000000
0.000000
0.000000
0.000000
0.000000
0.000000
0.000000
0.000000
0.000000
0.000000
0.000000
0.000000
0.000000
0.000000
0.000000
0.000000
0.000000
0.000000
0.000000
0.000000
0.000000
0.000000
0.000000
0.000000
0.000000
0.000000
0.000000
0.000000
0.000000
0.000000
0.000000
0.000000
0.000000
0.000000
0.000000
0.000000
0.000000
0.000000
0.000000
0.000000
0.000000
0.000000
0.000000
0.000000
0.000000
0.000000
0.000000
0.000000
0.000000
0.000000
0.000000
0.000000
0.000000
0.000000
0.000000
0.000000
0.000000
0.000000
0.000000
0.000000
0.000000
0.000000
0.000000
0.000000
0.000000
0.000000
0.000000
0.000000
0.000000
0.000000
0.000000
0.000000
0.000000
0.000000
0.000000
0.000000
0.000000
0.000000
0.000000
0.000000
0.000000
0.000000
0.000000
0.000000
