1000.000000
1141.421387
1282.842773
1424.264160
1565.685547
1707.106934
1848.528320
1989.949707
2131.371094
2272.792480
2414.213867
2555.635254
2697.056641
2838.478027
2979.899414
3121.320801
3262.742188
3404.163574
3545.584961
3687.006348
3828.427734
3969.849121
4111.270508
4178.498047
4037.076904
3895.655518
3754.234131
3612.812744
3471.391357
3329.969971
3188.548584
3047.127197
2905.705811
2764.284424
2622.863037
2481.441650
2340.020264
2198.598877
2057.177490
1915.756104
1774.334717
1632.913330
1491.491943
1350.070557
1208.649170
1067.227783
997.205994
908.424866
854.363892
827.722046
813.104431
790.141235
786.163818
781.476257
787.767334
799.453369
940.874756
1082.296143
1223.717529
1365.138916
1506.560303
1647.981689
1789.403076
1930.824463
1958.363525
1957.167480
1956.728271
1962.085938
1966.778809
1970.832275
1964.753784
1945.158691
1925.118286
1907.578613
1897.939453
1884.716675
1863.560425
1838.902222
1842.140015
1899.442993
1963.357666
1989.297729
2004.026733
2083.804443
2180.057129
2267.788330
2333.943115
2310.131104
2392.032959
2533.454346
2624.098145
2561.322754
2419.901367
2278.479980
2137.058594
1995.637329
1854.215942
1712.794556
1571.373169
1429.951782
1442.534668
1306.046021
1183.330688
1110.991211
1008.421387
928.356934
895.171814
865.343689
837.599792
814.849976
799.005798
793.572083
789.934937
783.289368
774.662354
776.584106
778.717773
776.161194
774.018311
780.793945
791.179688
794.716431
792.676331
795.140442
801.481567
803.997620
798.385620
796.572449
799.487671
798.571899
801.548950
809.300659
950.722046
1092.143433
1161.301270
1225.825195
1333.886475
1447.206299
1559.989502
1651.865356
1712.140381
1733.488159
1734.371460
1744.703247
1773.091919
1815.926514
1870.323364
1916.130493
1948.781006
1966.488770
1970.812866
1878.574463
1737.153076
1595.731689
1454.310303
1332.341431
1240.309570
1171.693237
1127.852417
1100.001709
1087.699097
1082.007690
1080.841919
1076.361450
1067.068481
1053.397461
1038.655396
1027.652344
1019.185791
1016.442261
1019.916748
1016.910095
1014.469971
1006.458435
997.441895
988.671448
979.621887
972.032715
968.292786
966.704407
964.117676
960.758484
960.493713
962.972046
965.808899
964.380737
962.690186
960.759766
963.282227
965.489075
964.213440
964.278748
1105.700073
1102.930664
1151.276733
1222.952637
1322.688599
1445.817627
1574.976685
1702.896362
1820.116699
1907.688843
1955.118652
1969.881958
1937.835449
1865.567993
1858.540649
1999.962036
2141.383301
2282.804688
2424.226074
2371.573730
2230.152344
2088.730957
1947.309692
1838.933350
1839.947632
1852.467407
1868.277222
1904.745728
1945.348267
1968.760986
1968.464722
1958.880127
1950.737915
1942.357788
1935.757935
1928.450439
1918.798584
1905.274170
1890.827759
1871.859131
1853.124146
1838.798828
1830.999756
1824.395874
1820.870850
1816.347900
1786.992676
1645.571289
1629.947876
1680.556519
1732.207520
1806.701904
1912.232422
1956.229370
1970.688721
1970.727905
1970.236084
1970.014526
1966.571777
1953.785522
1926.491211
1896.364258
1877.933472
1855.861938
1840.857788
1836.220459
1841.302734
1875.974609
2017.395996
2158.817383
2300.238770
2388.125488
2359.988770
2399.848633
2541.270020
2682.691406
2824.112793
2965.534180
3106.955566
3248.376953
3389.798340
3531.219727
3672.641113
3814.062500
3955.483887
4096.905273
4039.537354
3898.115967
3756.694580
3615.273193
3473.851807
3332.430420
3191.009033
3049.587646
2908.166260
2766.744873
2625.323486
2483.902100
2342.480713
2201.059326
2059.637939
1918.216553
1913.665405
1879.159180
1832.934082
1767.682007
1727.147949
1663.870972
1592.191895
1550.196899
1510.410889
1470.608765
1441.364502
1420.625854
1402.665405
1382.401489
1373.411255
1364.156006
1349.236816
1329.524658
1309.102173
1290.018799
1269.773193
1260.388916
1249.035767
1243.097778
1236.103638
1231.110229
1229.695312
1231.104004
1231.839844
1232.169678
1317.024048
1414.377075
1496.227905
1575.323975
1633.138306
1692.986694
1739.201538
1793.812500
1837.543457
1871.640625
1901.921753
1923.228638
1941.016357
1951.010254
1957.457397
1922.369385
1915.642822
1912.739502
1885.363892
1831.454102
1784.616577
1738.064697
1720.208740
1699.989258
1676.938110
1693.728027
1727.975586
1740.869629
1731.657959
1699.172119
1665.456543
1621.489014
1589.797974
1578.051392
1575.355835
1583.404175
1598.348389
1608.320557
1616.981445
1611.016968
1596.215332
1570.043701
1545.516724
1519.500854
1494.851196
1478.941772
1471.059692
1464.477173
1458.900635
1456.097290
1457.611938
1463.640625
1470.765015
1472.808594
1473.076172
1472.310059
1469.349487
1465.594971
1465.447754
1469.528931
1477.030273
1618.451660
1759.873047
1901.294434
1964.896606
1956.531494
1959.472046
1969.022827
1970.209595
1970.375977
1970.865234
1970.852905
1970.825928
1942.290649
1800.869263
1659.447876
1518.026489
1376.605103
1235.183716
1093.762329
952.340942
810.919556
669.498169
528.076782
386.655426
245.234070
245.234070
245.234070
245.234070
245.234070
245.234070
245.234070
245.234070
245.234070
245.234070
245.234070
245.234070
245.234070
245.234070
245.234070
245.234070
245.234070
245.234070
245.234070
245.234070
245.234070
245.234070
245.234070
245.234070
245.234070
245.234070
245.234070
245.234070
245.234070
245.234070
245.234070
245.234070
245.234070
245.234070
245.234070
245.234070
245.234070
245.234070
245.234070
245.234070
245.234070
245.234070
245.234070
245.234070
245.234070
245.234070
245.234070
245.234070
245.234070
245.234070
245.234070
245.234070
245.234070
245.234070
245.234070
245.234070
245.234070
245.234070
245.234070
245.234070
245.234070
245.234070
245.234070
245.234070
245.234070
245.234070
245.234070
245.234070
245.234070
245.234070
245.234070
245.234070
245.234070
245.234070
245.234070
245.234070
245.234070
245.234070
245.234070
245.234070
245.234070
245.234070
245.234070
245.234070
245.234070
245.234070
245.234070
245.234070
245.234070
245.234070
245.234070
245.234070
245.234070
245.234070
245.234070
245.234070
245.234070
245.234070
245.234070
245.234070
245.234070
245.234070
245.234070
245.234070
245.234070
245.234070
245.234070
245.234070
245.234070
245.234070
245.234070
245.234070
245.234070
245.234070
245.234070
245.234070
245.234070
245.234070
245.234070
245.234070
245.234070
245.234070
245.234070
245.234070
245.234070
245.234070
245.234070
245.234070
245.234070
245.234070
245.234070
245.234070
245.234070
245.234070
245.234070
245.234070
245.234070
245.234070
245.234070
245.234070
245.234070
245.234070
245.234070
245.234070
245.234070
245.234070
245.234070
245.234070
245.234070
245.234070
245.234070
245.234070
245.234070
245.234070
245.234070
245.234070
245.234070
245.234070
245.234070
245.234070
245.234070
245.234070
245.234070
245.234070
245.234070
245.234070
245.234070
245.234070
245.234070
245.234070
245.234070
245.234070
245.234070
245.234070
245.234070
245.234070
245.234070
245.234070
245.234070
245.234070
245.234070
245.234070
245.234070
245.234070
245.234070
245.234070
245.234070
245.234070
245.234070
245.234070
245.234070
245.234070
245.234070
245.234070
245.234070
245.234070
245.234070
245.234070
245.234070
245.234070
245.234070
245.234070
245.234070
245.234070
245.234070
245.234070
245.234070
245.234070
245.234070
245.234070
245.234070
245.234070
245.234070
245.234070
245.234070
245.234070
245.234070
245.234070
245.234070
245.234070
245.234070
245.234070
245.234070
245.234070
245.234070
245.234070
245.234070
245.234070
245.234070
245.234070
245.234070
245.234070
245.234070
245.234070
245.234070
245.234070
245.234070
245.234070
245.234070
245.234070
245.234070
245.234070
245.234070
245.234070
245.234070
245.234070
245.234070
245.234070
245.234070
245.234070
245.234070
245.234070
245.234070
245.234070
245.234070
245.234070
245.234070
245.234070
245.234070
245.234070
245.234070
245.234070
245.234070
245.234070
245.234070
245.234070
245.234070
245.234070
245.234070
245.234070
245.234070
245.234070
245.234070
245.234070
245.234070
245.234070
245.234070
245.234070
245.234070
245.234070
245.234070
245.234070
245.234070
245.234070
245.234070
245.234070
245.234070
245.234070
245.234070
245.234070
245.234070
245.234070
245.234070
245.234070
245.234070
245.234070
245.234070
245.234070
245.234070
245.234070
245.234070
245.234070
245.234070
245.234070
245.234070
245.234070
245.234070
245.234070
245.234070
245.234070
245.234070
245.234070
245.234070
245.234070
245.234070
245.234070
245.234070
245.234070
245.234070
245.234070
245.234070
245.234070
245.234070
245.234070
245.234070
245.234070
245.234070
245.234070
245.234070
245.234070
245.234070
245.234070
245.234070
245.234070
245.234070
245.234070
245.234070
245.234070
245.234070
245.234070
245.234070
245.234070
245.234070
245.234070
245.234070
245.234070
245.234070
245.234070
245.234070
245.234070
245.234070
245.234070
245.234070
245.234070
245.234070
245.234070
245.234070
245.234070
245.234070
245.234070
245.234070
245.234070
245.234070
245.234070
245.234070
245.234070
245.234070
245.234070
245.234070
245.234070
245.234070
245.234070
245.234070
245.234070
245.234070
245.234070
245.234070
245.234070
245.234070
245.234070
245.234070
245.234070
245.234070
245.234070
245.234070
245.234070
245.234070
245.234070
245.234070
245.234070
245.234070
245.234070
245.234070
245.234070
245.234070
245.234070
245.234070
245.234070
245.234070
245.234070
245.234070
245.234070
245.234070
245.234070
245.234070
245.234070
245.234070
245.234070
245.234070
245.234070
245.234070
245.234070
245.234070
245.234070
245.234070
245.234070
245.234070
245.234070
245.234070
245.234070
245.234070
245.234070
245.234070
245.234070
245.234070
245.234070
245.234070
245.234070
245.234070
245.234070
245.234070
245.234070
245.234070
245.234070
245.234070
245.234070
245.234070
245.234070
245.234070
245.234070
245.234070
245.234070
245.234070
245.234070
245.234070
245.234070
245.234070
245.234070
245.234070
245.234070
245.234070
245.234070
245.234070
245.234070
245.234070
245.234070
245.234070
245.234070
245.234070
245.234070
245.234070
245.234070
245.234070
245.234070
245.234070
245.234070
245.234070
245.234070
245.234070
245.234070
245.234070
245.234070
245.234070
245.234070
245.234070
245.234070
245.234070
245.234070
245.234070
245.234070
245.234070
245.234070
245.234070
245.234070
245.234070
245.234070
245.234070
245.234070
245.234070
245.234070
245.234070
245.234070
245.234070
245.234070
245.234070
245.234070
245.234070
245.234070
245.234070
245.234070
245.234070
245.234070
245.234070
245.234070
245.234070
245.234070
245.234070
245.234070
245.234070
245.234070
245.234070
245.234070
245.234070
245.234070
245.234070
245.234070
245.234070
245.234070
245.234070
245.234070
245.234070
245.234070
245.234070
245.234070
245.234070
245.234070
245.234070
245.234070
245.234070
245.234070
245.234070
245.234070
245.234070
245.234070
245.234070
245.234070
245.234070
245.234070
245.234070
245.234070
245.234070
245.234070
245.234070
245.234070
245.234070
245.234070
245.234070
245.234070
245.234070
245.234070
245.234070
245.234070
245.234070
245.234070
245.234070
245.234070
245.234070
245.234070
245.234070
245.234070
245.234070
245.234070
245.234070
245.234070
245.234070
245.234070
245.234070
245.234070
245.234070
245.234070
245.234070
245.234070
245.234070
245.234070
245.234070
245.234070
245.234070
245.234070
245.234070
245.234070
245.234070
245.234070
245.234070
245.234070
245.234070
245.234070
245.234070
245.234070
245.234070
245.234070
245.234070
245.234070
245.234070
245.234070
245.234070
245.234070
245.234070
245.234070
245.234070
245.234070
245.234070
245.234070
245.234070
245.234070
245.234070
245.234070
245.234070
245.234070
245.234070
245.234070
245.234070
245.234070
245.234070
245.234070
245.234070
245.234070
245.234070
245.234070
245.234070
245.234070
245.234070
245.234070
245.234070
245.234070
245.234070
245.234070
245.234070
245.234070
245.234070
245.234070
245.234070
245.234070
245.234070
245.234070
245.234070
245.234070
245.234070
245.234070
245.234070
245.234070
245.234070
245.234070
245.234070
245.234070
245.234070
245.234070
245.234070
245.234070
245.234070
245.234070
245.234070
245.234070
245.234070
245.234070
245.234070
245.234070
245.234070
245.234070
245.234070
245.234070
245.234070
245.234070
245.234070
245.234070
245.234070
245.234070
245.234070
245.234070
245.234070
245.234070
245.234070
245.234070
245.234070
245.234070
245.234070
245.234070
245.234070
245.234070
245.234070
245.234070
245.234070
245.234070
245.234070
245.234070
245.234070
245.234070
245.234070
245.234070
245.234070
245.234070
245.234070
245.234070
245.234070
245.234070
245.234070
245.234070
245.234070
245.234070
245.234070
245.234070
245.234070
245.234070
245.234070
245.234070
245.234070
245.234070
245.234070
245.234070
245.234070
245.234070
245.234070
245.234070
245.234070
245.234070
245.234070
245.234070
245.234070
245.234070
245.234070
245.234070
245.234070
245.234070
245.234070
245.234070
245.234070
245.234070
245.234070
245.234070
245.234070
245.234070
245.234070
245.234070
245.234070
245.234070
245.234070
245.234070
245.234070
245.234070
245.234070
245.234070
245.234070
245.234070
245.234070
245.234070
245.234070
245.234070
245.234070
245.234070
245.234070
245.234070
245.234070
245.234070
245.234070
245.234070
245.234070
245.234070
245.234070
245.234070
245.234070
245.234070
245.234070
245.234070
245.234070
245.234070
245.234070
245.234070
245.234070
245.234070
245.234070
245.234070
245.234070
245.234070
245.234070
245.234070
245.234070
245.234070
245.234070
245.234070
245.234070
245.234070
245.234070
245.234070
245.234070
245.234070
245.234070
245.234070
245.234070
245.234070
245.234070
245.234070
245.234070
245.234070
245.234070
245.234070
245.234070
245.234070
245.234070
245.234070
245.234070
245.234070
245.234070
245.234070
245.234070
245.234070
245.234070
245.234070
245.234070
245.234070
245.234070
245.234070
245.234070
245.234070
245.234070
245.234070
245.234070
245.234070
245.234070
245.234070
245.234070
245.234070
245.234070
245.234070
245.234070
245.234070
245.234070
245.234070
245.234070
245.234070
245.234070
245.234070
245.234070
245.234070
245.234070
245.234070
245.234070
245.234070
245.234070
245.234070
245.234070
245.234070
245.234070
245.234070
245.234070
245.234070
245.234070
245.234070
245.234070
245.234070
245.234070
245.234070
245.234070
245.234070
245.234070
245.234070
245.234070
245.234070
245.234070
245.234070
245.234070
245.234070
245.234070
245.234070
245.234070
245.234070
245.234070
245.234070
245.234070
245.234070
245.234070
245.234070
245.234070
245.234070
245.234070
245.234070
245.234070
245.234070
245.234070
245.234070
245.234070
245.234070
245.234070
245.234070
245.234070
245.234070
245.234070
245.234070
245.234070
245.234070
245.234070
245.234070
245.234070
245.234070
245.234070
245.234070
245.234070
245.234070
245.234070
245.234070
245.234070
245.234070
245.234070
245.234070
245.234070
245.234070
245.234070
245.234070
245.234070
245.234070
245.234070
245.234070
245.234070
245.234070
245.234070
245.234070
245.234070
245.234070
245.234070
245.234070
245.234070
245.234070
245.234070
245.234070
245.234070
245.234070
245.234070
245.234070
245.234070
245.234070
245.234070
245.234070
245.234070
245.234070
245.234070
245.234070
245.234070
245.234070
245.234070
245.234070
245.234070
245.234070
245.234070
245.234070
245.234070
245.234070
245.234070
245.234070
245.234070
245.234070
245.234070
245.234070
245.234070
245.234070
245.234070
245.234070
245.234070
245.234070
245.234070
245.234070
245.234070
245.234070
245.234070
245.234070
245.234070
245.234070
245.234070
245.234070
245.234070
245.234070
245.234070
245.234070
245.234070
245.234070
245.234070
245.234070
245.234070
245.234070
245.234070
245.234070
245.234070
245.234070
245.234070
245.234070
245.234070
245.234070
245.234070
245.234070
245.234070
245.234070
245.234070
245.234070
245.234070
245.234070
245.234070
245.234070
245.234070
245.234070
245.234070
245.234070
245.234070
245.234070
245.234070
245.234070
245.234070
245.234070
245.234070
245.234070
245.234070
245.234070
245.234070
245.234070
245.234070
245.234070
245.234070
245.234070
245.234070
245.234070
245.234070
245.234070
245.234070
245.234070
245.234070
245.234070
245.234070
245.234070
245.234070
245.234070
245.234070
245.234070
245.234070
245.234070
245.234070
245.234070
245.234070
245.234070
245.234070
245.234070
245.234070
245.234070
245.234070
245.234070
245.234070
245.234070
245.234070
245.234070
245.234070
245.234070
245.234070
245.234070
245.234070
245.234070
245.234070
245.234070
245.234070
245.234070
245.234070
245.234070
245.234070
245.234070
245.234070
245.234070
245.234070
245.234070
245.234070
245.234070
245.234070
245.234070
245.234070
245.234070
245.234070
245.234070
245.234070
245.234070
245.234070
245.234070
245.234070
245.234070
245.234070
245.234070
245.234070
245.234070
245.234070
245.234070
245.234070
245.234070
245.234070
245.234070
245.234070
245.234070
245.234070
245.234070
245.234070
245.234070
245.234070
245.234070
245.234070
245.234070
245.234070
245.234070
245.234070
245.234070
245.234070
245.234070
245.234070
245.234070
245.234070
245.234070
245.234070
245.234070
245.234070
245.234070
245.234070
245.234070
245.234070
245.234070
245.234070
245.234070
245.234070
245.234070
245.234070
245.234070
245.234070
245.234070
245.234070
245.234070
245.234070
245.234070
245.234070
245.234070
245.234070
245.234070
245.234070
245.234070
245.234070
245.234070
245.234070
245.234070
245.234070
245.234070
245.234070
245.234070
245.234070
245.234070
245.234070
245.234070
245.234070
245.234070
245.234070
245.234070
245.234070
245.234070
245.234070
245.234070
245.234070
245.234070
245.234070
245.234070
245.234070
245.234070
245.234070
245.234070
245.234070
245.234070
245.234070
245.234070
245.234070
245.234070
245.234070
245.234070
245.234070
245.234070
245.234070
245.234070
245.234070
245.234070
245.234070
245.234070
245.234070
245.234070
245.234070
245.234070
245.234070
245.234070
245.234070
245.234070
245.234070
245.234070
245.234070
245.234070
245.234070
245.234070
245.234070
245.234070
245.234070
245.234070
245.234070
245.234070
245.234070
245.234070
245.234070
245.234070
245.234070
245.234070
245.234070
245.234070
245.234070
245.234070
245.234070
245.234070
245.234070
245.234070
245.234070
245.234070
245.234070
245.234070
245.234070
245.234070
245.234070
245.234070
245.234070
245.234070
245.234070
245.234070
245.234070
245.234070
245.234070
245.234070
245.234070
245.234070
245.234070
245.234070
245.234070
245.234070
245.234070
245.234070
245.234070
245.234070
245.234070
245.234070
245.234070
245.234070
245.234070
245.234070
245.234070
245.234070
245.234070
245.234070
245.234070
245.234070
245.234070
245.234070
245.234070
245.234070
245.234070
245.234070
245.234070
245.234070
245.234070
245.234070
245.234070
245.234070
245.234070
245.234070
245.234070
245.234070
245.234070
245.234070
245.234070
245.234070
245.234070
245.234070
245.234070
245.234070
245.234070
245.234070
245.234070
245.234070
245.234070
245.234070
245.234070
245.234070
245.234070
245.234070
245.234070
245.234070
245.234070
245.234070
245.234070
245.234070
245.234070
245.234070
245.234070
245.234070
245.234070
245.234070
245.234070
245.234070
245.234070
245.234070
245.234070
245.234070
245.234070
245.234070
245.234070
245.234070
245.234070
245.234070
245.234070
245.234070
245.234070
245.234070
245.234070
245.234070
245.234070
245.234070
245.234070
245.234070
245.234070
245.234070
245.234070
245.234070
245.234070
245.234070
245.234070
245.234070
245.234070
245.234070
245.234070
245.234070
245.234070
245.234070
245.234070
245.234070
245.234070
245.234070
245.234070
245.234070
245.234070
245.234070
245.234070
245.234070
245.234070
245.234070
245.234070
245.234070
245.234070
245.234070
245.234070
245.234070
245.234070
245.234070
245.234070
245.234070
245.234070
245.234070
245.234070
245.234070
245.234070
245.234070
245.234070
245.234070
245.234070
245.234070
245.234070
245.234070
245.234070
245.234070
245.234070
245.234070
245.234070
245.234070
245.234070
245.234070
245.234070
245.234070
245.234070
245.234070
245.234070
245.234070
245.234070
245.234070
245.234070
245.234070
245.234070
245.234070
245.234070
245.234070
245.234070
245.234070
245.234070
245.234070
245.234070
245.234070
245.234070
245.234070
245.234070
245.234070
245.234070
245.234070
245.234070
245.234070
245.234070
245.234070
245.234070
245.234070
245.234070
245.234070
245.234070
245.234070
245.234070
245.234070
245.234070
245.234070
245.234070
245.234070
245.234070
245.234070
245.234070
245.234070
245.234070
245.234070
245.234070
245.234070
245.234070
245.234070
245.234070
245.234070
245.234070
245.234070
245.234070
245.234070
245.234070
245.234070
245.234070
245.234070
245.234070
245.234070
245.234070
245.234070
245.234070
245.234070
245.234070
245.234070
245.234070
245.234070
245.234070
245.234070
245.234070
245.234070
245.234070
245.234070
245.234070
245.234070
245.234070
245.234070
245.234070
245.234070
245.234070
245.234070
245.234070
245.234070
245.234070
245.234070
245.234070
245.234070
245.234070
245.234070
245.234070
245.234070
245.234070
245.234070
245.234070
245.234070
245.234070
245.234070
245.234070
245.234070
245.234070
245.234070
245.234070
245.234070
245.234070
245.234070
245.234070
245.234070
245.234070
245.234070
245.234070
245.234070
245.234070
245.234070
245.234070
245.234070
245.234070
245.234070
245.234070
245.234070
245.234070
245.234070
245.234070
245.234070
245.234070
245.234070
245.234070
245.234070
245.234070
245.234070
245.234070
245.234070
245.234070
245.234070
245.234070
245.234070
245.234070
245.234070
245.234070
245.234070
245.234070
245.234070
245.234070
245.234070
245.234070
245.234070
245.234070
245.234070
245.234070
245.234070
245.234070
245.234070
245.234070
245.234070
245.234070
245.234070
245.234070
245.234070
245.234070
245.234070
245.234070
245.234070
245.234070
245.234070
245.234070
245.234070
245.234070
245.234070
245.234070
245.234070
245.234070
245.234070
245.234070
245.234070
245.234070
245.234070
245.234070
245.234070
245.234070
245.234070
245.234070
245.234070
245.234070
245.234070
245.234070
245.234070
245.234070
245.234070
245.234070
245.234070
245.234070
245.234070
245.234070
245.234070
245.234070
245.234070
245.234070
245.234070
245.234070
245.234070
245.234070
245.234070
245.234070
245.234070
245.234070
245.234070
245.234070
245.234070
245.234070
245.234070
245.234070
245.234070
245.234070
245.234070
245.234070
0.000000
0.000000
0.000000
0.000000
0.000000
0.000000
0.000000
0.000000
0.000000
0.000000
0.000000
0.000000
0.000000
0.000000
0.000000
0.000000
0.000000
0.000000
0.000000
0.000000
0.000000
0.000000
0.000000
0.000000
0.000000
0.000000
0.000000
0.000000
0.000000
0.000000
0.000000
0.000000
0.000000
0.000000
0.000000
0.000000
0.000000
0.000000
0.000000
0.000000
0.000000
0.000000
0.000000
0.000000
0.000000
0.000000
0.000000
0.000000
0.000000
0.000000
0.000000
0.000000
0.000000
0.000000
0.000000
0.000000
0.000000
0.000000
0.000000
0.000000
0.000000
0.000000
0.000000
0.000000
0.000000
0.000000
0.000000
0.000000
0.000000
0.000000
0.000000
0.000000
0.000000
0.000000
0.000000
0.000000
0.000000
0.000000
0.000000
0.000000
0.000000
0.000000
0.000000
0.000000
0.000000
0.000000
0.000000
0.000000
0.000000
0.000000
0.000000
0.000000
0.000000
0.000000
0.000000
0.000000
0.000000
0.000000
0.000000
0.000000
0.000000
0.000000
0.000000
0.000000
0.000000
0.000000
0.000000
0.000000
0.000000
0.000000
0.000000
0.000000
0.000000
0.000000
0.000000
0.000000
0.000000
0.000000
0.000000
0.000000
0.000000
0.000000
0.000000
0.000000
0.000000
0.000000
0.000000
0.000000
0.000000
0.000000
0.000000
0.000000
0.000000
0.000000
0.000000
0.000000
0.000000
0.000000
0.000000
0.000000
0.000000
0.000000
0.000000
0.000000
0.000000
0.000000
0.000000
0.000000
0.000000
0.000000
0.000000
0.000000
0.000000
0.000000
0.000000
0.000000
0.000000
0.000000
0.000000
0.000000
0.000000
0.000000
0.000000
0.000000
0.000000
0.000000
0.000000
0.000000
0.000000
0.000000
0.000000
0.000000
0.000000
0.000000
0.000000
0.000000
0.000000
0.000000
0.000000
0.000000
0.000000
0.000000
0.000000
0.000000
0.000000
0.000000
0.000000
0.000000
0.000000
0.000000
0.000000
0.000000
0.000000
0.000000
0.000000
0.000000
0.000000
0.000000
0.000000
0.000000
0.000000
0.000000
0.000000
0.000000
0.000000
0.000000
0.000000
0.000000
0.000000
0.000000
0.000000
0.000000
0.000000
0.000000
0.000000
0.000000
0.000000
0.000000
0.000000
0.000000
0.000000
0.000000
0.000000
0.000000
0.000000
0.000000
0.000000
0.000000
0.000000
0.000000
0.000000
0.000000
0.000000
0.000000
0.000000
0.000000
0.000000
0.000000
0.000000
0.000000
0.000000
0.000000
0.000000
0.000000
0.000000
0.000000
0.000000
0.000000
0.000000
0.000000
0.000000
0.000000
0.000000
0.000000
0.000000
0.000000
0.000000
0.000000
0.000000
0.000000
0.000000
0.000000
0.000000
0.000000
0.000000
0.000000
0.000000
0.000000
0.000000
0.000000
0.000000
0.000000
0.000000
0.000000
0.000000
0.000000
0.000000
0.000000
0.000000
0.000000
0.000000
0.000000
0.000000
0.000000
0.000000
0.000000
0.000000
0.000000
0.000000
0.000000
0.000000
0.000000
0.000000
0.000000
0.000000
0.000000
0.000000
0.000000
0.000000
0.000000
0.000000
0.000000
0.000000
0.000000
0.000000
0.000000
0.000000
0.000000
0.000000
0.000000
0.000000
0.000000
0.000000
0.000000
0.000000
0.000000
0.000000
0.000000
0.000000
0.000000
0.000000
0.000000
0.000000
0.000000
0.000000
0.000000
0.000000
0.000000
0.000000
0.000000
0.000000
0.000000
0.000000
0.000000
0.000000
0.000000
0.000000
0.000000
0.000000
0.000000
0.000000
0.000000
0.000000
0.000000
0.000000
0.000000
0.000000
0.000000
0.000000
0.000000
0.000000
0.000000
0.000000
0.000000
0.000000
0.000000
0.000000
0.000000
0.000000
0.000000
0.000000
0.000000
0.000000
0.000000
0.000000
0.000000
0.000000
0.000000
0.000000
0.000000
0.000000
0.000000
0.000000
0.000000
0.000000
0.000000
0.000000
0.000000
0.000000
0.000000
0.000000
0.000000
0.000000
0.000000
0.000000
0.000000
0.000000
0.000000
0.000000
0.000000
0.000000
0.000000
0.000000
0.000000
0.000000
0.000000
0.000000
0.000000
0.000000
0.000000
0.000000
0.000000
0.000000
0.000000
0.000000
0.000000
0.000000
0.000000
0.000000
0.000000
0.000000
0.000000
0.000000
0.000000
0.000000
0.000000
0.000000
0.000000
0.000000
0.000000
0.000000
0.000000
0.000000
0.000000
0.000000
0.000000
0.000000
0.000000
0.000000
0.000000
0.000000
0.000000
0.000000
0.000000
0.000000
0.000000
0.000000
0.000000
0.000000
0.000000
0.000000
0.000000
0.000000
0.000000
0.000000
0.000000
0.000000
0.000000
0.000000
0.000000
0.000000
0.000000
0.000000
0.000000
0.000000
0.000000
0.000000
0.000000
0.000000
0.000000
0.000000
0.000000
0.000000
0.000000
0.000000
0.000000
0.000000
0.000000
0.000000
0.000000
0.000000
0.000000
0.000000
0.000000
0.000000
0.000000
0.000000
0.000000
0.000000
0.000000
0.000000
0.000000
0.000000
0.000000
0.000000
0.000000
0.000000
0.000000
0.000000
0.000000
0.000000
0.000000
0.000000
0.000000
0.000000
0.000000
0.000000
0.000000
0.000000
0.000000
0.000000
0.000000
0.000000
0.000000
0.000000
0.000000
0.000000
0.000000
0.000000
0.000000
0.000000
0.000000
0.000000
0.000000
0.000000
0.000000
0.000000
0.000000
0.000000
0.000000
0.000000
0.000000
0.000000
0.000000
0.000000
0.000000
0.000000
0.000000
0.000000
0.000000
0.000000
0.000000
0.000000
0.000000
0.000000
0.000000
0.000000
0.000000
0.000000
0.000000
0.000000
0.000000
0.000000
0.000000
0.000000
0.000000
0.000000
0.000000
0.000000
0.000000
0.000000
0.000000
0.000000
0.000000
0.000000
0.000000
0.000000
0.000000
0.000000
0.000000
0.000000
0.000000
0.000000
0.000000
0.000000
0.000000
0.000000
0.000000
0.000000
0.000000
0.000000
0.000000
0.000000
0.000000
0.000000
0.000000
0.000000
0.000000
0.000000
0.000000
0.000000
0.000000
0.000000
0.000000
0.000000
0.000000
0.000000
0.000000
0.000000
0.000000
0.000000
0.000000
0.000000
0.000000
0.000000
0.000000
0.000000
0.000000
0.000000
0.000000
0.000000
0.000000
0.000000
0.000000
0.000000
0.000000
0.000000
0.000000
0.000000
0.000000
0.000000
0.000000
0.000000
0.000000
0.000000
0.000000
0.000000
0.000000
0.000000
0.000000
0.000000
0.000000
0.000000
0.000000
0.000000
0.000000
0.000000
0.000000
0.000000
0.000000
0.000000
0.000000
0.000000
0.000000
0.000000
0.000000
0.000000
0.000000
0.000000
0.000000
0.000000
0.000000
0.000000
0.000000
0.000000
0.000000
0.000000
0.000000
0.000000
0.000000
0.000000
0.000000
0.000000
0.000000
0.000000
0.000000
0.000000
0.000000
0.000000
0.000000
0.000000
0.000000
0.000000
0.000000
0.000000
0.000000
0.000000
0.000000
0.000000
0.000000
0.000000
0.000000
0.000000
0.000000
0.000000
0.000000
0.000000
0.000000
0.000000
0.000000
0.000000
0.000000
0.000000
0.000000
0.000000
0.000000
0.000000
0.000000
0.000000
0.000000
0.000000
0.000000
0.000000
0.000000
0.000000
0.000000
0.000000
0.000000
0.000000
0.000000
0.000000
0.000000
0.000000
0.000000
0.000000
0.000000
0.000000
0.000000
0.000000
0.000000
0.000000
0.000000
0.000000
0.000000
0.000000
0.000000
0.000000
0.000000
0.000000
0.000000
0.000000
0.000000
0.000000
0.000000
0.000000
0.000000
0.000000
0.000000
0.000000
0.000000
0.000000
0.000000
0.000000
0.000000
0.000000
0.000000
0.000000
0.000000
0.000000
0.000000
0.000000
0.000000
0.000000
0.000000
0.000000
0.000000
0.000000
0.000000
0.000000
0.000000
0.000000
0.000000
0.000000
0.000000
0.000000
0.000000
0.000000
0.000000
0.000000
0.000000
0.000000
0.000000
0.000000
0.000000
0.000000
0.000000
0.000000
0.000000
0.000000
0.000000
0.000000
0.000000
0.000000
0.000000
0.000000
0.000000
0.000000
0.000000
0.000000
0.000000
0.000000
0.000000
0.000000
0.000000
0.000000
0.000000
0.000000
0.000000
0.000000
0.000000
0.000000
0.000000
0.000000
0.000000
0.000000
0.000000
0.000000
0.000000
0.000000
0.000000
0.000000
0.000000
0.000000
0.000000
0.000000
0.000000
0.000000
0.000000
0.000000
0.000000
0.000000
0.000000
0.000000
0.000000
0.000000
0.000000
0.000000
0.000000
0.000000
0.000000
0.000000
0.000000
0.000000
0.000000
0.000000
0.000000
0.000000
0.000000
0.000000
0.000000
0.000000
0.000000
0.000000
0.000000
0.000000
0.000000
0.000000
0.000000
0.000000
0.000000
0.000000
0.000000
0.000000
0.000000
0.000000
0.000000
0.000000
0.000000
0.000000
0.000000
0.000000
0.000000
0.000000
0.000000
0.000000
0.000000
0.000000
0.000000
0.000000
0.000000
0.000000
0.000000
0.000000
0.000000
0.000000
0.000000
0.000000
0.000000
0.000000
0.000000
0.000000
0.000000
0.000000
0.000000
0.000000
0.000000
0.000000
0.000000
0.000000
0.000000
0.000000
0.000000
0.000000
0.000000
0.000000
0.000000
0.000000
0.000000
0.000000
0.000000
0.000000
0.000000
0.000000
0.000000
0.000000
0.000000
0.000000
0.000000
0.000000
0.000000
0.000000
0.000000
0.000000
0.000000
0.000000
0.000000
0.000000
0.000000
0.000000
0.000000
0.000000
0.000000
0.000000
0.000000
0.000000
0.000000
0.000000
0.000000
0.000000
0.000000
0.000000
0.000000
0.000000
0.000000
0.000000
0.000000
0.000000
0.000000
0.000000
0.000000
0.000000
0.000000
0.000000
0.000000
0.000000
0.000000
0.000000
0.000000
0.000000
0.000000
0.000000
0.000000
0.000000
0.000000
0.000000
0.000000
0.000000
0.000000
0.000000
0.000000
0.000000
0.000000
0.000000
0.000000
0.000000
0.000000
0.000000
0.000000
0.000000
0.000000
0.000000
0.000000
0.000000
0.000000
0.000000
0.000000
0.000000
0.000000
0.000000
0.000000
0.000000
0.000000
0.000000
0.000000
0.000000
0.000000
0.000000
0.000000
0.000000
0.000000
0.000000
0.000000
0.000000
0.000000
0.000000
0.000000
0.000000
0.000000
0.000000
0.000000
0.000000
0.000000
0.000000
0.000000
0.000000
0.000000
0.000000
0.000000
0.000000
0.000000
0.000000
567593878220177408.000000
0.000000
568271452260794368.000000
571129186060599296.000000
0.000000
-344.547485
11343.189453
0.000000
0.000000
0.000000
0.000000
0.000000
0.000000
0.000000
0.000000
0.000000
0.000000
0.000000
0.000000
0.000000
0.000000
0.000000
0.000000
0.000000
0.020823
0.000000
2.005127
0.000000
0.000000
0.000000
0.000000
0.000000
0.000000
0.000000
0.000000
0.000000
0.000000
nan
0.000000
0.000000
0.000000
0.000000
0.000000
0.000000
0.000000
0.000000
0.000000
0.000000
0.000000
0.000000
0.000000
0.000000
0.000000
0.000000
0.000000
0.000000
0.000000
0.000000
0.000000
-0.053211
0.000000
1500.000000
0.000000
2.000732
0.000000
0.000000
0.000000
0.000000
0.000000
0.000000
0.000000
0.000000
0.000000
0.000000
0.000000
0.000000
0.000000
0.000000
0.000000
-0.140478
0.000000
0.000000
0.000000
0.000000
0.000000
0.000000
0.000000
0.000000
0.000000
0.000000
0.000000
0.000000
0.000000
0.000000
0.000000
0.000000
0.000000
0.000000
0.000000
0.000000
0.000000
0.000000
0.000000
0.000000
0.000000
0.000000
0.000000
0.000000
0.000000
0.000000
0.000000
0.000000
0.000000
0.000000
0.000000
0.000000
0.000000
0.000000
0.000000
0.000000
0.000000
0.000000
0.000000
0.000000
0.000000
0.000000
0.000000
0.000000
0.000000
0.000000
0.000000
0.000000
0.000000
0.000000
0.000000
0.000000
0.000000
0.000000
0.000000
0.000000
0.000000
0.000000
0.000000
0.000000
0.000000
0.000000
0.000000
0.000000
0.000000
0.000000
0.000000
0.000000
0.000000
0.000000
0.000000
0.000000
0.000000
0.000000
0.000000
0.000000
0.000000
0.000000
0.000000
0.000000
0.000000
0.000000
0.000000
0.000000
0.000000
0.000000
0.000000
0.000000
0.000000
0.000000
0.000000
0.000000
0.000000
0.000000
0.000000
0.000000
0.000000
0.000000
0.000000
0.000000
0.000000
0.000000
0.000000
0.000000
0.000000
0.000000
0.000000
0.000000
0.000000
0.000000
0.000000
0.000000
0.000000
0.000000
0.000000
0.000000
0.000000
0.000000
0.000000
0.000000
0.000000
0.000000
0.000000
0.000000
0.000000
0.000000
0.000000
0.000000
0.000000
0.000000
0.000000
0.000000
0.000000
0.000000
0.000000
0.000000
0.000000
0.000000
0.000000
0.000000
0.000000
0.000000
0.000000
0.000000
0.000000
0.000000
0.000000
0.000000
0.000000
0.000000
0.000000
0.000000
0.000000
0.000000
0.000000
0.000000
0.000000
0.000000
0.000000
0.000000
0.000000
0.000000
0.000000
0.000000
0.000000
0.000000
0.000000
0.000000
0.000000
0.000000
0.000000
0.000000
0.000000
0.000000
0.000000
0.000000
0.000000
0.000000
0.000000
0.000000
0.000000
0.000000
0.000000
0.000000
0.000000
0.000000
0.000000
0.000000
0.000000
0.000000
0.000000
0.000000
0.000000
0.000000
0.000000
0.000000
0.000000
0.000000
0.000000
0.000000
0.000000
0.000000
0.000000
0.000000
0.000000
0.000000
0.000000
0.000000
0.000000
0.000000
0.000000
0.000000
0.000000
0.000000
0.000000
0.000000
0.000000
0.000000
0.000000
0.000000
0.000000
0.000000
0.000000
0.000000
0.000000
0.000000
0.000000
0.000000
0.000000
0.000000
0.000000
0.000000
0.000000
0.000000
0.000000
0.000000
0.000000
0.000000
0.000000
0.000000
0.000000
0.000000
0.000000
0.000000
0.000000
0.000000
0.000000
0.000000
0.000000
0.000000
0.000000
0.000000
0.000000
0.000000
0.000000
0.000000
0.000000
0.000000
0.000000
0.000000
0.000000
0.000000
0.000000
0.000000
0.000000
0.000000
0.000000
0.000000
0.000000
0.000000
0.000000
0.000000
0.000000
0.000000
0.000000
0.000000
0.000000
0.000000
0.000000
0.000000
0.000000
0.000000
0.000000
0.000000
0.000000
0.000000
0.000000
0.000000
0.000000
0.000000
0.000000
0.000000
0.000000
0.000000
0.000000
0.000000
0.000000
0.000000
0.000000
0.000000
0.000000
0.000000
0.000000
0.000000
0.000000
0.000000
0.000000
0.000000
0.000000
0.000000
0.000000
0.000000
0.000000
0.000000
0.000000
0.000000
0.000000
0.000000
0.000000
0.000000
0.000000
0.000000
0.000000
0.000000
0.000000
0.000000
0.000000
0.000000
0.000000
0.000000
0.000000
0.000000
0.000000
0.000000
0.000000
0.000000
0.000000
0.000000
0.000000
0.000000
0.000000
0.000000
0.000000
0.000000
0.000000
0.000000
0.000000
0.000000
0.000000
0.000000
0.000000
0.000000
0.000000
0.000000
0.000000
0.000000
0.000000
0.000000
0.000000
0.000000
0.000000
0.000000
0.000000
0.000000
0.000000
0.000000
0.000000
0.000000
0.000000
0.000000
0.000000
0.000000
0.000000
0.000000
0.000000
0.000000
0.000000
0.000000
0.000000
0.000000
0.000000
0.000000
0.000000
0.000000
0.000000
0.000000
0.000000
0.000000
0.000000
0.000000
0.000000
0.000000
0.000000
0.000000
0.000000
0.000000
0.000000
0.000000
0.000000
0.000000
0.000000
0.000000
0.000000
0.000000
0.000000
0.000000
0.000000
0.000000
0.000000
0.000000
0.000000
0.000000
0.000000
0.000000
0.000000
0.000000
0.000000
0.000000
0.000000
0.000000
0.000000
0.000000
0.000000
0.000000
0.000000
0.000000
0.000000
0.000000
0.000000
0.000000
0.000000
0.000000
0.000000
0.000000
0.000000
0.000000
0.000000
0.000000
0.000000
0.000000
0.000000
0.000000
0.000000
0.000000
0.000000
0.000000
0.000000
0.000000
0.000000
0.000000
0.000000
0.000000
0.000000
0.000000
0.000000
0.000000
0.000000
0.000000
0.000000
0.000000
0.000000
0.000000
0.000000
0.000000
0.000000
0.000000
0.000000
0.000000
0.000000
0.000000
0.000000
0.000000
0.000000
0.000000
0.000000
0.000000
0.000000
0.000000
0.000000
0.000000
0.000000
0.000000
0.000000
0.000000
0.000000
0.000000
0.000000
0.000000
0.000000
0.000000
0.000000
0.000000
0.000000
0.000000
0.000000
0.000000
0.000000
0.000000
0.000000
0.000000
0.000000
0.000000
0.000000
0.000000
0.000000
0.000000
0.000000
0.000000
0.000000
0.000000
0.000000
0.000000
0.000000
0.000000
0.000000
0.000000
0.000000
0.000000
0.000000
0.000000
0.000000
0.000000
0.000000
0.000000
0.000000
0.000000
0.000000
0.000000
0.000000
0.000000
0.000000
0.000000
0.000000
0.000000
0.000000
0.000000
0.000000
0.000000
0.000000
0.000000
0.000000
0.000000
0.000000
0.000000
0.000000
0.000000
0.000000
0.000000
0.000000
0.000000
0.000000
0.000000
0.000000
0.000000
0.000000
0.000000
0.000000
0.000000
0.000000
0.000000
0.000000
0.000000
0.000000
0.000000
0.000000
0.000000
0.000000
0.000000
0.000000
0.000000
0.000000
0.000000
0.000000
0.000000
0.000000
0.000000
0.000000
0.000000
0.000000
0.000000
0.000000
0.000000
0.000000
0.000000
0.000000
0.000000
0.000000
0.000000
0.000000
0.000000
0.000000
0.000000
0.000000
0.000000
0.000000
0.000000
0.000000
0.000000
0.000000
0.000000
0.000000
0.000000
0.000000
0.000000
0.000000
0.000000
0.000000
0.000000
0.000000
0.000000
0.000000
0.000000
0.000000
0.000000
0.000000
0.000000
0.000000
0.000000
0.000000
0.000000
0.000000
0.000000
0.000000
0.000000
0.000000
0.000000
0.000000
0.000000
0.000000
0.000000
0.000000
0.000000
0.000000
0.000000
0.000000
0.000000
0.000000
0.000000
0.000000
0.000000
0.000000
0.000000
0.000000
0.000000
0.000000
0.000000
0.000000
0.000000
0.000000
0.000000
0.000000
0.000000
0.000000
0.000000
0.000000
0.000000
0.000000
0.000000
0.000000
0.000000
0.000000
0.000000
0.000000
0.000000
0.000000
0.000000
0.000000
0.000000
0.000000
0.000000
0.000000
0.000000
0.000000
0.000000
0.000000
0.000000
0.000000
0.000000
0.000000
0.000000
0.000000
0.000000
0.000000
0.000000
0.000000
0.000000
0.000000
0.000000
0.000000
0.000000
0.000000
0.000000
0.000000
0.000000
0.000000
0.000000
0.000000
0.000000
0.000000
0.000000
0.000000
0.000000
0.000000
0.000000
0.000000
0.000000
0.000000
0.000000
0.000000
0.000000
0.000000
0.000000
0.000000
0.000000
0.000000
0.000000
0.000000
0.000000
0.000000
0.000000
0.000000
0.000000
0.000000
0.000000
0.000000
0.000000
0.000000
0.000000
0.000000
0.000000
0.000000
0.000000
0.000000
0.000000
0.000000
0.000000
0.000000
0.000000
0.000000
0.000000
0.000000
0.000000
0.000000
0.000000
0.000000
0.000000
0.000000
0.000000
0.000000
0.000000
0.000000
0.000000
0.000000
0.000000
0.000000
0.000000
0.000000
0.000000
0.000000
0.000000
0.000000
0.000000
0.000000
0.000000
0.000000
0.000000
0.000000
0.000000
0.000000
0.000000
0.000000
0.000000
0.000000
0.000000
0.000000
0.000000
0.000000
0.000000
0.000000
0.000000
0.000000
0.000000
0.000000
0.000000
0.000000
0.000000
0.000000
0.000000
0.000000
0.000000
0.000000
0.000000
0.000000
0.000000
0.000000
0.000000
0.000000
0.000000
0.000000
0.000000
0.000000
0.000000
0.000000
0.000000
0.000000
0.000000
0.000000
0.000000
0.000000
0.000000
0.000000
0.000000
0.000000
0.000000
0.000000
0.000000
0.000000
0.000000
0.000000
0.000000
0.000000
0.000000
0.000000
0.000000
0.000000
0.000000
0.000000
0.000000
0.000000
0.000000
0.000000
0.000000
0.000000
0.000000
0.000000
0.000000
0.000000
0.000000
0.000000
0.000000
0.000000
0.000000
0.000000
0.000000
0.000000
0.000000
0.000000
0.000000
0.000000
0.000000
0.000000
0.000000
0.000000
0.000000
0.000000
0.000000
0.000000
0.000000
0.000000
0.000000
0.000000
0.000000
0.000000
0.000000
0.000000
0.000000
0.000000
0.000000
0.000000
0.000000
0.000000
0.000000
0.000000
0.000000
0.000000
0.000000
0.000000
0.000000
0.000000
0.000000
0.000000
0.000000
0.000000
0.000000
0.000000
0.000000
0.000000
0.000000
0.000000
0.000000
0.000000
0.000000
0.000000
0.000000
0.000000
0.000000
0.000000
0.000000
0.000000
0.000000
0.000000
0.000000
0.000000
0.000000
0.000000
0.000000
0.000000
0.000000
0.000000
0.000000
0.000000
0.000000
0.000000
0.000000
0.000000
0.000000
0.000000
0.000000
0.000000
0.000000
0.000000
0.000000
0.000000
0.000000
0.000000
0.000000
0.000000
0.000000
0.000000
0.000000
0.000000
0.000000
0.000000
0.000000
0.000000
0.000000
0.000000
0.000000
0.000000
0.000000
0.000000
0.000000
0.000000
0.000000
0.000000
0.000000
0.000000
0.000000
0.000000
0.000000
0.000000
0.000000
0.000000
0.000000
0.000000
0.000000
0.000000
0.000000
0.000000
0.000000
0.000000
0.000000
0.000000
0.000000
0.000000
0.000000
0.000000
0.000000
0.000000
0.000000
0.000000
0.000000
0.000000
0.000000
0.000000
0.000000
0.000000
0.000000
0.000000
0.000000
0.000000
0.000000
0.000000
0.000000
0.000000
0.000000
0.000000
0.000000
0.000000
0.000000
0.000000
0.000000
0.000000
0.000000
0.000000
0.000000
0.000000
0.000000
0.000000
0.000000
0.000000
0.000000
0.000000
0.000000
0.000000
0.000000
0.000000
0.000000
0.000000
0.000000
0.000000
0.000000
0.000000
0.000000
0.000000
0.000000
0.000000
0.000000
0.000000
0.000000
0.000000
0.000000
0.000000
0.000000
0.000000
0.000000
0.000000
0.000000
0.000000
0.000000
0.000000
0.000000
0.000000
0.000000
0.000000
0.000000
0.000000
0.000000
0.000000
0.000000
0.000000
0.000000
0.000000
0.000000
0.000000
0.000000
0.000000
0.000000
0.000000
0.000000
0.000000
0.000000
0.000000
0.000000
0.000000
0.000000
0.000000
0.000000
0.000000
0.000000
0.000000
0.000000
0.000000
0.000000
0.000000
0.000000
0.000000
0.000000
0.000000
0.000000
0.000000
0.000000
0.000000
0.000000
0.000000
0.000000
0.000000
0.000000
0.000000
0.000000
0.000000
0.000000
0.000000
0.000000
0.000000
0.000000
0.000000
0.000000
0.000000
0.000000
0.000000
0.000000
0.000000
0.000000
0.000000
0.000000
0.000000
0.000000
0.000000
0.000000
0.000000
0.000000
0.000000
0.000000
0.000000
0.000000
0.000000
0.000000
0.000000
0.000000
0.000000
0.000000
0.000000
0.000000
0.000000
0.000000
0.000000
0.000000
0.000000
0.000000
0.000000
0.000000
0.000000
0.000000
0.000000
0.000000
0.000000
0.000000
0.000000
0.000000
0.000000
0.000000
0.000000
0.000000
0.000000
0.000000
0.000000
0.000000
0.000000
0.000000
0.000000
0.000000
0.000000
0.000000
0.000000
0.000000
0.000000
0.000000
0.000000
0.000000
0.000000
0.000000
0.000000
0.000000
0.000000
0.000000
0.000000
0.000000
0.000000
0.000000
0.000000
0.000000
0.000000
0.000000
0.000000
0.000000
0.000000
0.000000
0.000000
0.000000
0.000000
0.000000
0.000000
0.000000
0.000000
0.000000
0.000000
0.000000
0.000000
0.000000
0.000000
0.000000
0.000000
0.000000
0.000000
0.000000
0.000000
0.000000
0.000000
0.000000
0.000000
0.000000
0.000000
0.000000
0.000000
0.000000
0.000000
0.000000
0.000000
0.000000
0.000000
0.000000
0.000000
0.000000
0.000000
0.000000
0.000000
0.000000
0.000000
0.000000
0.000000
0.000000
0.000000
0.000000
0.000000
0.000000
0.000000
0.000000
0.000000
0.000000
0.000000
0.000000
0.000000
0.000000
0.000000
0.000000
0.000000
0.000000
0.000000
0.000000
0.000000
0.000000
0.000000
0.000000
0.000000
0.000000
0.000000
0.000000
0.000000
0.000000
0.000000
0.000000
0.000000
0.000000
0.000000
0.000000
0.000000
0.000000
0.000000
0.000000
0.000000
0.000000
0.000000
0.000000
0.000000
0.000000
0.000000
0.000000
0.000000
0.000000
0.000000
0.000000
0.000000
0.000000
0.000000
0.000000
0.000000
0.000000
0.000000
0.000000
0.000000
0.000000
0.000000
0.000000
0.000000
0.000000
0.000000
0.000000
0.000000
0.000000
0.000000
0.000000
0.000000
0.000000
0.000000
0.000000
0.000000
0.000000
0.000000
0.000000
0.000000
0.000000
0.000000
0.000000
0.000000
0.000000
0.000000
0.000000
0.000000
0.000000
0.000000
0.000000
0.000000
0.000000
0.000000
0.000000
0.000000
0.000000
0.000000
0.000000
0.000000
0.000000
0.000000
0.000000
0.000000
0.000000
0.000000
0.000000
0.000000
0.000000
0.000000
0.000000
0.000000
0.000000
0.000000
0.000000
0.000000
0.000000
0.000000
0.000000
0.000000
0.000000
0.000000
0.000000
0.000000
0.000000
0.000000
0.000000
0.000000
0.000000
0.000000
0.000000
0.000000
0.000000
0.000000
0.000000
0.000000
0.000000
0.000000
0.000000
0.000000
0.000000
0.000000
0.000000
0.000000
0.000000
0.000000
0.000000
0.000000
0.000000
0.000000
0.000000
0.000000
0.000000
0.000000
0.000000
0.000000
0.000000
0.000000
0.000000
0.000000
0.000000
0.000000
0.000000
0.000000
0.000000
0.000000
0.000000
0.000000
0.000000
0.000000
0.000000
0.000000
0.000000
0.000000
0.000000
0.000000
0.000000
0.000000
0.000000
0.000000
0.000000
0.000000
0.000000
0.000000
0.000000
0.000000
0.000000
0.000000
0.000000
0.000000
0.000000
0.000000
0.000000
0.000000
0.000000
0.000000
0.000000
0.000000
0.000000
0.000000
0.000000
0.000000
0.000000
0.000000
0.000000
0.000000
0.000000
0.000000
0.000000
0.000000
0.000000
0.000000
0.000000
0.000000
0.000000
0.000000
0.000000
0.000000
0.000000
0.000000
0.000000
0.000000
0.000000
0.000000
0.000000
0.000000
0.000000
0.000000
0.000000
0.000000
0.000000
0.000000
0.000000
0.000000
0.000000
0.000000
0.000000
0.000000
0.000000
0.000000
0.000000
0.000000
0.000000
0.000000
0.000000
0.000000
0.000000
0.000000
0.000000
0.000000
0.000000
0.000000
0.000000
0.000000
0.000000
0.000000
0.000000
0.000000
0.000000
0.000000
0.000000
0.000000
0.000000
0.000000
0.000000
0.000000
0.000000
0.000000
0.000000
0.000000
0.000000
0.000000
0.000000
0.000000
0.000000
0.000000
0.000000
0.000000
0.000000
0.000000
0.000000
0.000000
0.000000
0.000000
0.000000
0.000000
0.000000
0.000000
0.000000
0.000000
0.000000
0.000000
0.000000
0.000000
0.000000
0.000000
0.000000
0.000000
0.000000
0.000000
0.000000
0.000000
0.000000
0.000000
0.000000
0.000000
0.000000
0.000000
0.000000
0.000000
0.000000
0.000000
0.000000
0.000000
0.000000
0.000000
0.000000
0.000000
0.000000
0.000000
0.000000
0.000000
0.000000
0.000000
0.000000
0.000000
0.000000
0.000000
0.000000
0.000000
0.000000
0.000000
0.000000
0.000000
0.000000
0.000000
0.000000
0.000000
0.000000
0.000000
0.000000
0.000000
0.000000
0.000000
0.000000
0.000000
0.000000
0.000000
0.000000
0.000000
0.000000
0.000000
0.000000
0.000000
0.000000
0.000000
0.000000
0.000000
0.000000
0.000000
0.000000
0.000000
0.000000
0.000000
0.000000
0.000000
0.000000
0.000000
0.000000
0.000000
0.000000
0.000000
0.000000
0.000000
0.000000
0.000000
0.000000
0.000000
0.000000
0.000000
0.000000
0.000000
0.000000
0.000000
0.000000
0.000000
0.000000
0.000000
0.000000
0.000000
0.000000
0.000000
0.000000
0.000000
0.000000
0.000000
0.000000
0.000000
0.000000
0.000000
0.000000
0.000000
0.000000
0.000000
0.000000
0.000000
0.000000
0.000000
0.000000
0.000000
0.000000
0.000000
0.000000
0.000000
0.000000
0.000000
0.000000
0.000000
0.000000
0.000000
0.000000
0.000000
0.000000
0.000000
0.000000
0.000000
0.000000
0.000000
0.000000
0.000000
0.000000
0.000000
0.000000
0.000000
0.000000
0.000000
0.000000
0.000000
0.000000
0.000000
0.000000
0.000000
0.000000
0.000000
0.000000
0.000000
0.000000
0.000000
0.000000
0.000000
0.000000
0.000000
0.000000
0.000000
0.000000
0.000000
0.000000
0.000000
0.000000
0.000000
0.000000
0.000000
0.000000
0.000000
0.000000
0.000000
0.000000
0.000000
0.000000
0.000000
0.000000
0.000000
0.000000
0.000000
0.000000
0.000000
0.000000
0.000000
0.000000
0.000000
0.000000
0.000000
0.000000
0.000000
0.000000
0.000000
0.000000
0.000000
0.000000
0.000000
0.000000
0.000000
0.000000
0.000000
0.000000
0.000000
0.000000
0.000000
0.000000
0.000000
0.000000
0.000000
0.000000
0.000000
0.000000
0.000000
0.000000
0.000000
0.000000
0.000000
0.000000
0.000000
0.000000
0.000000
0.000000
0.000000
0.000000
0.000000
0.000000
0.000000
0.000000
0.000000
0.000000
0.000000
0.000000
0.000000
0.000000
0.000000
0.000000
0.000000
0.000000
0.000000
0.000000
0.000000
0.000000
0.000000
0.000000
0.000000
0.000000
0.000000
0.000000
0.000000
0.000000
0.000000
0.000000
0.000000
0.000000
0.000000
0.000000
0.000000
0.000000
0.000000
0.000000
0.000000
0.000000
0.000000
0.000000
0.000000
0.000000
0.000000
0.000000
0.000000
0.000000
0.000000
0.000000
0.000000
0.000000
0.000000
0.000000
0.000000
0.000000
0.000000
0.000000
0.000000
0.000000
0.000000
0.000000
0.000000
0.000000
0.000000
0.000000
0.000000
0.000000
0.000000
0.000000
0.000000
0.000000
0.000000
0.000000
0.000000
0.000000
0.000000
0.000000
0.000000
0.000000
0.000000
0.000000
0.000000
0.000000
0.000000
0.000000
0.000000
0.000000
0.000000
0.000000
0.000000
0.000000
0.000000
0.000000
0.000000
0.000000
0.000000
0.000000
0.000000
0.000000
0.000000
0.000000
0.000000
0.000000
0.000000
0.000000
0.000000
0.000000
0.000000
0.000000
0.000000
0.000000
0.000000
0.000000
0.000000
0.000000
0.000000
0.000000
0.000000
0.000000
0.000000
0.000000
0.000000
0.000000
0.000000
0.000000
0.000000
0.000000
0.000000
0.000000
0.000000
0.000000
0.000000
0.000000
0.000000
0.000000
0.000000
0.000000
0.000000
0.000000
0.000000
0.000000
0.000000
0.000000
0.000000
0.000000
0.000000
0.000000
0.000000
0.000000
0.000000
0.000000
0.000000
0.000000
0.000000
0.000000
0.000000
0.000000
0.000000
0.000000
0.000000
0.000000
0.000000
0.000000
0.000000
0.000000
0.000000
0.000000
0.000000
0.000000
0.000000
0.000000
0.000000
0.000000
0.000000
0.000000
0.000000
0.000000
0.000000
0.000000
0.000000
0.000000
0.000000
0.000000
0.000000
0.000000
0.000000
0.000000
0.000000
0.000000
0.000000
0.000000
0.000000
0.000000
0.000000
0.000000
0.000000
0.000000
0.000000
0.000000
0.000000
0.000000
0.000000
0.000000
0.000000
0.000000
0.000000
0.000000
0.000000
0.000000
0.000000
0.000000
0.000000
0.000000
0.000000
0.000000
0.000000
0.000000
0.000000
0.000000
0.000000
0.000000
0.000000
0.000000
0.000000
0.000000
0.000000
0.000000
0.000000
0.000000
0.000000
0.000000
0.000000
0.000000
0.000000
0.000000
0.000000
0.000000
0.000000
0.000000
0.000000
0.000000
0.000000
0.000000
0.000000
0.000000
0.000000
0.000000
0.000000
0.000000
0.000000
0.000000
0.000000
0.000000
0.000000
0.000000
0.000000
0.000000
0.000000
0.000000
0.000000
0.000000
0.000000
0.000000
0.000000
0.000000
0.000000
0.000000
0.000000
0.000000
0.000000
0.000000
0.000000
0.000000
0.000000
0.000000
0.000000
0.000000
0.000000
0.000000
0.000000
0.000000
0.000000
0.000000
0.000000
0.000000
0.000000
0.000000
0.000000
0.000000
0.000000
0.000000
0.000000
0.000000
0.000000
0.000000
0.000000
0.000000
0.000000
0.000000
0.000000
0.000000
0.000000
0.000000
0.000000
0.000000
0.000000
0.000000
0.000000
0.000000
0.000000
0.000000
0.000000
0.000000
0.000000
0.000000
0.000000
0.000000
0.000000
0.000000
0.000000
0.000000
0.000000
0.000000
0.000000
0.000000
0.000000
0.000000
0.000000
0.000000
0.000000
0.000000
0.000000
0.000000
0.000000
0.000000
0.000000
0.000000
0.000000
0.000000
0.000000
0.000000
0.000000
0.000000
0.000000
0.000000
0.000000
0.000000
0.000000
0.000000
0.000000
0.000000
0.000000
0.000000
0.000000
0.000000
0.000000
0.000000
0.000000
0.000000
0.000000
0.000000
0.000000
0.000000
0.000000
0.000000
0.000000
0.000000
0.000000
0.000000
0.000000
0.000000
0.000000
0.000000
0.000000
0.000000
0.000000
0.000000
0.000000
0.000000
0.000000
0.000000
0.000000
0.000000
0.000000
0.000000
0.000000
0.000000
0.000000
0.000000
0.000000
0.000000
0.000000
0.000000
0.000000
0.000000
0.000000
0.000000
0.000000
0.000000
0.000000
0.000000
0.000000
0.000000
0.000000
0.000000
0.000000
0.000000
0.000000
0.000000
0.000000
0.000000
0.000000
0.000000
0.000000
0.000000
0.000000
0.000000
0.000000
0.000000
0.000000
0.000000
0.000000
0.000000
0.000000
0.000000
0.000000
0.000000
0.000000
0.000000
0.000000
0.000000
0.000000
0.000000
0.000000
0.000000
0.000000
0.000000
0.000000
0.000000
0.000000
0.000000
0.000000
0.000000
0.000000
0.000000
0.000000
0.000000
0.000000
0.000000
0.000000
0.000000
0.000000
0.000000
0.000000
0.000000
0.000000
0.000000
0.000000
0.000000
0.000000
0.000000
0.000000
0.000000
0.000000
0.000000
0.000000
0.000000
0.000000
0.000000
0.000000
0.000000
0.000000
0.000000
0.000000
0.000000
0.000000
0.000000
0.000000
0.000000
0.000000
0.000000
0.000000
0.000000
0.000000
0.000000
0.000000
0.000000
0.000000
0.000000
0.000000
0.000000
0.000000
0.000000
0.000000
0.000000
0.000000
0.000000
0.000000
0.000000
0.000000
0.000000
0.000000
0.000000
0.000000
0.000000
0.000000
0.000000
0.000000
0.000000
0.000000
0.000000
0.000000
0.000000
0.000000
0.000000
0.000000
0.000000
0.000000
0.000000
0.000000
0.000000
0.000000
0.000000
0.000000
0.000000
0.000000
0.000000
0.000000
0.000000
0.000000
0.000000
0.000000
0.000000
0.000000
0.000000
0.000000
0.000000
0.000000
0.000000
0.000000
0.000000
0.000000
0.000000
0.000000
0.000000
0.000000
0.000000
0.000000
0.000000
0.000000
0.000000
0.000000
0.000000
0.000000
0.000000
0.000000
0.000000
0.000000
0.000000
0.000000
0.000000
0.000000
0.000000
0.000000
0.000000
0.000000
0.000000
0.000000
0.000000
0.000000
0.000000
0.000000
0.000000
0.000000
0.000000
0.000000
0.000000
0.000000
0.000000
0.000000
0.000000
0.000000
0.000000
0.000000
0.000000
0.000000
0.000000
0.000000
0.000000
0.000000
0.000000
0.000000
0.000000
0.000000
0.000000
0.000000
0.000000
0.000000
0.000000
0.000000
0.000000
0.000000
0.000000
0.000000
0.000000
0.000000
0.000000
0.000000
0.000000
0.000000
0.000000
0.000000
0.000000
0.000000
0.000000
0.000000
0.000000
0.000000
0.000000
0.000000
0.000000
0.000000
0.000000
0.000000
0.000000
0.000000
0.000000
0.000000
0.000000
0.000000
0.000000
0.000000
0.000000
0.000000
0.000000
0.000000
0.000000
0.000000
0.000000
0.000000
0.000000
0.000000
0.000000
0.000000
0.000000
0.000000
0.000000
0.000000
0.000000
0.000000
0.000000
0.000000
0.000000
0.000000
0.000000
0.000000
0.000000
0.000000
0.000000
0.000000
0.000000
0.000000
0.000000
0.000000
0.000000
0.000000
0.000000
0.000000
0.000000
0.000000
0.000000
0.000000
0.000000
0.000000
0.000000
0.000000
0.000000
0.000000
0.000000
0.000000
0.000000
0.000000
0.000000
0.000000
0.000000
0.000000
0.000000
0.000000
0.000000
0.000000
0.000000
0.000000
0.000000
0.000000
0.000000
0.000000
0.000000
0.000000
0.000000
0.000000
0.000000
0.000000
0.000000
0.000000
0.000000
0.000000
0.000000
0.000000
0.000000
0.000000
0.000000
0.000000
0.000000
0.000000
0.000000
0.000000
0.000000
0.000000
0.000000
0.000000
0.000000
0.000000
0.000000
0.000000
0.000000
0.000000
0.000000
0.000000
0.000000
0.000000
0.000000
0.000000
0.000000
0.000000
0.000000
0.000000
0.000000
0.000000
0.000000
0.000000
0.000000
0.000000
0.000000
0.000000
0.000000
0.000000
0.000000
0.000000
0.000000
0.000000
0.000000
0.000000
0.000000
0.000000
0.000000
0.000000
0.000000
0.000000
0.000000
0.000000
0.000000
0.000000
0.000000
0.000000
0.000000
0.000000
0.000000
0.000000
0.000000
0.000000
0.000000
0.000000
0.000000
0.000000
0.000000
0.000000
0.000000
0.000000
0.000000
0.000000
0.000000
0.000000
0.000000
0.000000
0.000000
0.000000
0.000000
0.000000
0.000000
0.000000
0.000000
0.000000
0.000000
0.000000
0.000000
0.000000
0.000000
0.000000
0.000000
0.000000
0.000000
0.000000
0.000000
0.000000
0.000000
0.000000
0.000000
0.000000
0.000000
0.000000
0.000000
0.000000
0.000000
0.000000
0.000000
0.000000
0.000000
0.000000
0.000000
0.000000
0.000000
0.000000
0.000000
0.000000
0.000000
0.000000
0.000000
0.000000
0.000000
0.000000
0.000000
0.000000
0.000000
0.000000
0.000000
0.000000
0.000000
0.000000
0.000000
0.000000
0.000000
0.000000
0.000000
0.000000
0.000000
0.000000
0.000000
0.000000
0.000000
0.000000
0.000000
0.000000
0.000000
0.000000
0.000000
0.000000
0.000000
0.000000
0.000000
0.000000
0.000000
0.000000
0.000000
0.000000
0.000000
0.000000
0.000000
0.000000
0.000000
0.000000
0.000000
0.000000
0.000000
0.000000
0.000000
0.000000
0.000000
0.000000
0.000000
0.000000
0.000000
0.000000
0.000000
0.000000
0.000000
0.000000
0.000000
0.000000
0.000000
0.000000
0.000000
0.000000
0.000000
0.000000
0.000000
0.000000
0.000000
0.000000
0.000000
0.000000
0.000000
0.000000
0.000000
0.000000
0.000000
0.000000
0.000000
0.000000
0.000000
0.000000
0.000000
0.000000
0.000000
0.000000
0.000000
0.000000
0.000000
0.000000
0.000000
0.000000
0.000000
0.000000
0.000000
0.000000
0.000000
0.000000
0.000000
0.000000
0.000000
0.000000
0.000000
0.000000
0.000000
0.000000
0.000000
0.000000
0.000000
0.000000
0.000000
0.000000
0.000000
0.000000
0.000000
0.000000
0.000000
0.000000
0.000000
0.000000
0.000000
0.000000
0.000000
0.000000
0.000000
0.000000
0.000000
0.000000
0.000000
0.000000
0.000000
0.000000
0.000000
0.000000
0.000000
0.000000
0.000000
0.000000
0.000000
0.000000
0.000000
0.000000
0.000000
0.000000
0.000000
0.000000
0.000000
0.000000
0.000000
0.000000
0.000000
0.000000
0.000000
0.000000
0.000000
0.000000
0.000000
0.000000
0.000000
0.000000
0.000000
0.000000
0.000000
0.000000
0.000000
0.000000
0.000000
0.000000
0.000000
0.000000
0.000000
0.000000
0.000000
0.000000
0.000000
0.000000
0.000000
0.000000
0.000000
0.000000
0.000000
0.000000
0.000000
0.000000
0.000000
0.000000
0.000000
0.000000
0.000000
0.000000
0.000000
0.000000
0.000000
0.000000
0.000000
0.000000
0.000000
0.000000
0.000000
0.000000
0.000000
0.000000
0.000000
0.000000
0.000000
0.000000
0.000000
0.000000
0.000000
0.000000
0.000000
0.000000
0.000000
0.000000
0.000000
0.000000
0.000000
0.000000
0.000000
0.000000
0.000000
0.000000
0.000000
0.000000
0.000000
0.000000
0.000000
0.000000
0.000000
0.000000
0.000000
0.000000
0.000000
0.000000
0.000000
0.000000
0.000000
0.000000
0.000000
0.000000
0.000000
0.000000
0.000000
0.000000
0.000000
0.000000
0.000000
0.000000
0.000000
0.000000
0.000000
0.000000
0.000000
0.000000
0.000000
0.000000
0.000000
0.000000
0.000000
0.000000
0.000000
0.000000
0.000000
0.000000
0.000000
0.000000
0.000000
0.000000
0.000000
0.000000
0.000000
0.000000
0.000000
0.000000
0.000000
0.000000
0.000000
0.000000
0.000000
0.000000
0.000000
0.000000
0.000000
0.000000
0.000000
0.000000
0.000000
0.000000
0.000000
0.000000
0.000000
0.000000
0.000000
0.000000
0.000000
0.000000
0.000000
0.000000
0.000000
0.000000
0.000000
0.000000
0.000000
0.000000
0.000000
0.000000
0.000000
0.000000
0.000000
0.000000
0.000000
0.000000
0.000000
0.000000
0.000000
0.000000
0.000000
0.000000
0.000000
0.000000
0.000000
0.000000
0.000000
0.000000
0.000000
0.000000
0.000000
0.000000
0.000000
0.000000
0.000000
0.000000
0.000000
0.000000
0.000000
0.000000
0.000000
0.000000
0.000000
0.000000
0.000000
0.000000
0.000000
0.000000
0.000000
0.000000
0.000000
0.000000
0.000000
0.000000
0.000000
0.000000
0.000000
0.000000
0.000000
0.000000
0.000000
0.000000
0.000000
0.000000
