1000.000000
1044.721313
1089.442627
1134.163940
1178.885254
1223.606567
1268.327881
1313.049194
1357.770508
1402.491821
1447.213135
1491.934448
1536.655762
1581.377075
1626.098389
1670.819702
1715.541016
1760.262329
1804.983643
1849.704956
1894.426270
1923.747070
1909.604980
1895.462891
1881.320801
1926.042114
1970.763428
2015.484741
2060.206055
2104.927490
2101.900391
2087.758301
2073.616211
2059.474121
2045.332031
2031.189941
2017.047852
2002.905762
1988.763672
1974.621582
1960.479492
1946.337402
1932.195312
1918.053223
1962.774536
2007.495850
2003.074463
1988.932373
1974.790283
1960.648193
1946.506104
1932.364014
1918.221924
1904.079834
1889.937744
1875.795654
1861.653564
1847.511475
1833.369385
1819.227295
1805.085205
1790.943115
1776.801025
1762.658936
1748.516846
1734.374756
1720.232666
1706.090576
1691.948486
1677.806396
1663.664307
1649.522217
1635.380127
1621.238037
1607.095947
1592.953857
1578.811768
1564.669678
1550.527588
1536.385498
1522.243408
1508.101318
1493.959229
1479.817139
1465.675049
1451.532959
1437.390869
1423.248779
1409.986572
1409.134766
1413.376343
1412.959961
1412.957642
1447.036865
1443.180176
1429.038086
1459.213379
1503.934692
1543.634888
1529.492798
1515.350708
1501.208618
1487.066528
1472.924438
1458.782349
1444.640259
1430.498169
1416.356079
1402.213989
1400.000000
1402.874268
1400.097168
1400.000000
1400.000000
1400.000000
1400.000000
1400.000000
1400.000000
1400.000000
1400.000000
1400.000000
1400.000000
1400.000000
1400.000000
1400.000000
1400.000000
1400.000000
1400.000000
1400.000000
1400.000000
1400.000000
1410.412476
1409.277588
1419.373047
1440.597168
1464.497559
1503.896118
1528.421387
1551.359131
1574.969482
1602.151123
1627.009033
1637.963135
1660.206665
1660.759644
1705.480957
1750.202271
1794.923584
1839.644897
1884.366211
1929.087524
1970.220825
1956.078735
1941.936646
1927.794556
1913.652466
1899.510376
1885.368286
1871.226196
1857.084106
1842.942017
1828.799927
1814.657837
1800.515747
1786.373657
1772.231567
1758.089478
1743.947388
1729.805298
1715.663208
1701.521118
1687.379028
1673.236938
1659.094849
1644.952759
1630.810669
1616.668579
1602.526489
1588.384399
1574.242310
1560.100220
1545.958130
1531.816040
1517.673950
1503.531860
1489.389771
1475.247681
1467.753540
1471.762329
1471.528442
1471.589233
1461.181763
1454.298462
1451.511841
1440.914673
1435.835815
1437.825806
1431.388916
1436.246826
1433.855835
1431.766357
1427.931519
1428.556152
1429.388184
1430.292969
1440.624268
1446.768799
1435.511719
1462.281616
1451.022217
1459.392212
1445.476074
1454.641235
1499.362549
1544.083862
1548.314575
1593.035889
1637.757202
1682.478516
1727.199829
1748.770020
1734.627930
1720.485840
1706.343750
1692.201660
1678.059570
1663.917480
1649.775391
1635.633301
1621.491211
1607.349121
1593.207031
1579.064941
1564.922852
1550.780762
1536.638672
1522.496582
1508.354492
1494.212402
1480.070312
1465.928223
1451.786133
1437.644043
1423.781250
1409.323364
1400.000000
1400.000000
1400.000000
1400.000000
1400.000000
1400.000000
1400.000000
1400.000000
1400.000000
1400.000000
1400.000000
1400.000000
1400.000000
1400.000000
1400.000000
1400.000000
1400.000000
1414.454956
1404.429688
1433.071777
1477.793091
1522.514404
1514.224487
1500.082397
1485.940308
1471.798218
1457.656128
1443.285278
1439.837036
1436.068481
1421.926392
1428.035278
1426.161377
1412.019287
1400.000000
1400.000000
1400.000000
1414.142090
1400.000000
1400.000000
1400.000000
1400.000000
1400.000000
1400.000000
1400.000000
1400.000000
1400.000000
1403.731323
1403.458862
1405.241943
1401.600830
1401.346680
1400.000000
1414.028198
1413.811035
1400.000000
1407.553101
1433.328003
1478.049316
1501.522705
1487.380615
1473.238525
1459.096436
1444.954346
1430.812256
1427.699219
1414.877319
1414.274048
1414.227539
1413.197021
1411.158813
1421.271362
1411.665771
1405.128052
1400.215210
1400.000000
1400.000000
1400.000000
1444.721313
1442.426270
1428.284180
1414.142090
1400.000000
1400.000000
1400.000000
1400.000000
1400.000000
1402.198120
1446.919434
1491.640747
1536.362061
1581.083374
1569.412598
1555.270508
1541.128418
1526.986328
1512.844238
1498.702148
1489.608887
1496.508545
1482.366455
1468.224365
1456.393433
1446.546875
1455.465942
1443.573242
1442.854980
1439.563843
1438.464111
1433.375854
1436.691162
1444.687622
1472.175415
1458.033813
1443.891724
1431.023682
1428.032471
1414.878418
1426.637695
1430.420044
1439.965210
1446.907227
1461.971069
1464.043579
1465.778442
1451.636353
1439.834961
1428.226929
1414.351929
1426.307739
1442.254883
1442.566650
1450.776855
1450.109863
1451.218506
1456.232788
1442.090698
1427.948608
1432.571411
1431.046265
1431.829590
1445.272827
1451.643799
1457.387329
1477.408936
1522.130249
1566.851562
1611.572876
1656.294189
1694.781494
1716.008179
1742.973877
1728.831787
1714.689697
1700.547607
1723.028687
1767.750000
1812.471313
1857.192627
1901.913940
1916.006470
1901.864380
1887.722290
1873.580200
1918.301514
1963.022827
2007.744141
1993.832031
1979.689941
1965.547852
1951.405762
1937.263672
1923.121582
1908.979492
1894.837402
1880.695312
1866.553223
1852.411133
1838.269043
1824.126953
1809.984863
1795.842773
1781.700684
1767.558594
1753.416504
1739.274414
1725.132324
1710.990234
1696.848145
1682.706055
1668.563965
1654.421875
1640.279785
1626.137695
1611.995605
1597.853516
1583.711426
1598.083862
1584.401611
1570.259521
1577.634521
1622.355835
1667.077148
1655.607178
1641.465088
1627.322998
1613.180908
1599.038818
1584.896729
1570.754639
1556.612549
1542.470459
1528.328369
1514.186279
1529.338745
1574.060059
1618.781372
1663.502686
1707.799438
1693.657349
1679.515259
1665.373169
1651.231079
1637.088989
1622.946899
1608.804810
1594.662720
1580.520630
1566.378540
1559.901855
1545.759766
1531.617676
1517.475586
1503.333496
1489.191406
1481.851685
1489.948364
1485.290894
1496.054199
1505.036865
1506.964111
1499.599976
1497.085205
1485.938232
1496.213745
1540.935059
1566.232300
1610.953613
1655.674927
1684.032837
1669.890747
1655.748657
1641.606567
1627.464478
1613.322388
1599.180298
1585.038208
1570.896118
1556.754028
1542.611938
1528.469849
1514.327759
1500.185669
1492.431274
1507.991455
1552.712769
1597.434082
1642.155396
1686.876709
1692.905029
1678.762939
1664.620850
1650.478760
1636.336670
1622.194580
1608.052490
1593.910400
1579.768311
1565.626221
1559.682373
1545.540283
1534.180786
1523.562988
1513.253174
1505.216309
1493.109741
1501.815674
1491.384766
1477.242676
1476.226074
1479.636597
1475.582153
1491.600342
1526.442017
1571.163330
1615.884644
1660.605957
1659.435181
1645.293091
1631.151001
1617.008911
1602.866821
1588.724731
1574.582642
1560.440552
1546.298462
1532.156372
1518.014282
1503.872192
1521.405518
1532.457642
1518.315552
1511.642944
1504.788696
1538.178223
1524.036133
1568.757446
1613.478760
1658.200073
1663.647949
1649.505859
1635.363770
1621.221680
1607.079590
1592.937500
1578.795410
1564.653320
1550.511230
1536.369141
1522.227051
1508.084961
1507.723877
1511.180420
1498.412598
1503.722900
1508.724854
1502.710693
1488.568604
1474.426514
1460.284424
1460.081421
1472.269653
1491.096069
1499.718872
1544.440186
1589.161499
1633.882812
1678.604126
1671.552246
1657.410156
1643.268066
1629.125977
1614.983887
1600.841797
1586.699707
1572.557617
1558.415527
1554.510742
1567.376099
1605.912720
1609.374634
1654.095947
1698.817261
1685.560181
1671.418091
1657.276001
1643.133911
1628.991821
1614.849731
1606.901489
1612.380371
1598.238281
1590.049561
1583.544312
1589.740601
1634.461914
1679.183228
1688.220703
1674.078613
1659.936523
1645.794434
1631.652344
1617.510254
1603.368164
1589.226074
1579.304810
1565.162720
1567.629517
1574.670654
1619.391968
1664.113281
1706.053833
1691.911743
1677.769653
1663.627563
1649.485474
1635.343384
1621.201294
1607.059204
1592.917114
1578.775024
1564.632935
1550.490845
1536.348755
1522.206665
1508.064575
1493.922485
1496.357422
1492.128662
1500.808228
1500.411011
1502.562622
1495.525146
1482.922119
1485.971924
1471.645874
1471.802734
1478.822998
1512.874146
1557.595459
1602.316772
1647.038086
1691.759399
1712.450684
1698.308594
1684.166504
1670.024414
1655.882324
1641.740234
1627.598145
1613.456055
1599.313965
1585.171875
1587.649658
1632.370972
1677.092285
1680.606689
1666.464600
1652.322510
1638.180420
1624.038330
1609.896240
1595.754150
1581.612061
1567.469971
1574.372437
1564.036377
1566.345337
1572.821533
1617.542847
1662.264160
1676.013306
1661.871216
1647.729126
1633.587036
1619.444946
1605.302856
1591.160767
1577.018677
1562.876587
1548.734497
1542.451050
1532.773193
1537.600586
1536.868408
1536.770630
1560.587769
1605.309082
1643.140869
1628.998779
1614.856689
1600.714600
1586.572510
1572.430420
1558.288330
1544.146240
1530.004150
1515.862061
1501.719971
1487.577881
1473.435791
1459.293701
1445.151611
1431.009521
1416.867432
1416.103516
1417.719849
1403.856812
1400.000000
1407.533936
1415.395508
1413.088867
1409.470093
1404.705078
1400.000000
1400.000000
1400.000000
1400.000000
1400.000000
1400.000000
1400.000000
1400.000000
1400.000000
1410.161133
1408.356079
1401.480835
1401.116089
1400.000000
1400.000000
1400.000000
1400.000000
1400.000000
1415.722168
1460.443481
1486.407471
1472.265381
1458.123291
1443.981201
1429.839111
1415.697021
1405.670288
1410.175171
1419.066162
1427.823364
1443.823120
1467.461914
1508.036377
1499.332520
1511.507324
1534.380127
1548.351562
1541.521606
1546.428345
1543.858643
1557.788330
1581.069580
1617.070801
1659.172363
1699.311035
1744.032349
1788.753662
1833.474976
1878.196289
1922.917603
1967.638916
2012.360229
1998.825562
1984.683472
1970.541382
1956.399292
1942.257202
1928.115112
1913.973022
1899.830933
1885.688843
1871.546753
1857.404663
1843.262573
1829.120483
1814.978394
1800.836304
1786.694214
1772.552124
1758.410034
1744.267944
1730.125854
1715.983765
1701.841675
1687.699585
1673.557495
1659.415405
1645.273315
1631.131226
1616.989136
1602.847046
1588.704956
1574.562866
1560.420776
1546.278687
1532.136597
1517.994507
1503.852417
1489.710327
1475.568237
1461.426147
1447.284058
1433.141968
1418.999878
1407.946899
1400.000000
1400.000000
1400.000000
1400.000000
1405.816895
1418.692627
1432.184204
1449.336914
1460.438232
1489.607178
1507.389282
1530.483887
1559.166016
1580.938477
1593.478394
1623.603394
1661.797119
1660.502563
1686.659424
1696.799316
1741.520630
1786.241943
1830.963257
1875.684570
1868.672241
1854.530151
1879.504272
1924.225586
1914.948486
1900.806396
1886.664307
1906.369995
1892.227905
1878.085815
1863.943726
1849.801636
1880.831055
1866.688965
1852.546875
1838.404785
1824.262695
1810.120605
1795.978516
1781.836426
1767.694336
1753.552246
1739.410156
1725.268066
1711.125977
1696.983887
1682.841797
1668.699707
1654.557617
1640.415527
1626.273438
1612.131348
1597.989258
1583.847168
1569.705078
1555.562988
1541.420898
1527.278809
1513.136719
1498.994629
1484.852539
1470.710449
1456.568359
1442.426270
1428.284180
1414.142090
1400.000000
1400.000000
1400.000000
1400.000000
1400.000000
1400.000000
1402.524048
1408.793945
1410.416870
1419.091431
1410.070068
1417.033325
1405.291870
1400.000000
1444.721313
1489.442627
1534.163940
1578.885254
1583.847168
1569.705078
1555.562988
1541.420898
1527.278809
1513.136719
1498.994629
1484.852539
1470.710449
1456.568359
1442.426270
1428.284180
1414.142090
1400.000000
1400.000000
1400.000000
1400.000000
1414.142090
1400.000000
1444.721313
1451.196899
1437.054810
1422.912720
1408.770630
1429.767334
1443.227783
1466.085693
1470.761230
1468.030029
1453.887939
1439.745850
1428.863037
1414.720947
1413.410767
1410.126465
1422.197632
1427.350464
1446.561523
1491.282837
1536.004150
1580.725464
1625.446777
1670.168091
1714.889404
1759.610718
1783.456299
1769.314209
1755.172119
1741.030029
1766.565063
1811.286377
1798.018799
1783.876709
1769.734619
1755.592529
1741.450439
1727.308350
1713.166260
1699.024170
1684.882080
1670.739990
1656.597900
1642.455811
1628.313721
1614.171631
1600.029541
1585.887451
1571.745361
1557.603271
1543.461182
1529.319092
1515.177002
1501.034912
1486.892822
1472.750732
1458.608643
1444.466553
1430.324463
1416.182373
1402.040283
1400.000000
1400.000000
1410.121216
1454.842529
1481.464844
1467.322754
1453.180664
1439.038574
1427.484741
1413.342651
1431.666748
1439.067383
1448.866211
1456.568359
1442.426270
1428.284180
1414.142090
1400.000000
1400.000000
1428.284180
1414.142090
1400.000000
1400.000000
1400.000000
1400.000000
1400.000000
1400.000000
1444.721313
1489.442627
1534.163940
1573.040527
1558.898438
1544.756348
1530.614258
1516.472168
1502.330078
1488.187988
1474.045898
1470.423828
1467.868286
1488.695557
1517.750977
1550.285522
1536.143433
1522.001343
1507.859253
1493.717163
1479.575073
1465.432983
1451.290894
1437.148804
1423.784180
1420.513306
1413.674927
1425.692627
1414.710449
1428.540161
1473.261475
1517.982788
1544.525146
1530.383057
1516.240967
1502.098877
1487.956787
1473.814697
1459.672607
1460.319824
1479.070801
1523.792114
1543.484375
1529.342285
1515.200195
1501.058105
1486.916016
1472.773926
1458.631836
1444.489746
1431.971924
1423.034058
1415.838745
1403.207764
1400.000000
1400.000000
1400.000000
1400.000000
1400.000000
1400.000000
1400.335449
1400.000000
1400.000000
1404.777100
1431.540894
1475.489990
1484.745605
1529.466919
1553.433105
1539.291016
1525.148926
1511.006836
1496.864746
1482.722656
1468.580566
1454.438477
1440.296387
1426.154297
1416.993164
1405.948853
1400.000000
1400.703735
1416.056763
1401.914673
1415.884766
1415.289429
1416.890259
1414.998291
1415.212402
1404.507324
1414.142090
1400.000000
1400.000000
1400.000000
1400.000000
1400.000000
1400.000000
1417.420044
1462.141357
1497.307617
1483.165527
1469.023438
1454.881348
1440.739258
1442.426270
1428.284180
1414.142090
1400.000000
1400.000000
1400.000000
1400.000000
1400.000000
1400.000000
1412.313965
1448.813965
1448.344360
1434.202271
1423.919189
1413.810791
1456.568359
1442.426270
1428.284180
1414.142090
1400.000000
1400.000000
1400.000000
1400.000000
1400.000000
1400.000000
1400.000000
1400.000000
1400.000000
1400.000000
1400.000000
1418.816040
1444.674561
1470.882446
1456.740356
1442.598267
1428.456177
1414.314087
1400.656982
1445.378296
1470.710449
1456.568359
1442.426270
1428.284180
1414.142090
1400.000000
1400.000000
1400.000000
1400.000000
1400.000000
1417.901001
1456.568359
1442.426270
1428.284180
1414.142090
1400.000000
1402.455933
1400.000000
1401.015625
1429.792969
1461.498169
1456.829224
1442.687134
1428.545044
1414.402954
1400.260864
1400.000000
1428.284180
1414.142090
1400.000000
1414.142090
1400.000000
1400.000000
1400.000000
1400.000000
1400.000000
1400.000000
1422.765137
1423.923462
1434.851196
1422.826660
1415.398804
1401.256714
1400.000000
1400.000000
1400.000000
1414.142090
1400.000000
1400.000000
1400.000000
1400.000000
1400.000000
1403.758911
1415.274414
1426.888916
1462.328735
1450.837524
1469.692749
1514.414062
1528.659058
1514.516968
1500.374878
1486.232788
1472.090698
1457.948608
1443.806519
1429.664429
1415.212402
1406.599731
1400.000000
1400.000000
1403.146240
1400.000000
1400.000000
1400.000000
1400.000000
1400.000000
1400.000000
1400.539673
1420.669312
1465.390625
1510.111938
1527.278809
1513.136719
1498.994629
1484.852539
1470.710449
1456.568359
1442.426270
1428.284180
1414.142090
1400.000000
1400.000000
1400.000000
1400.000000
1407.758789
1403.654663
1416.030029
1427.484619
1442.437500
1458.535645
1469.466675
1464.074219
1461.906982
1461.422363
1470.305298
1515.026611
1559.747925
1554.335083
1599.056396
1643.777710
1688.499023
1733.220337
1777.941650
1822.662964
1848.707031
1834.564941
1821.488403
1807.346313
1850.816040
1895.537354
1940.258667
1984.979980
2029.701294
2063.979980
2049.837891
2035.695801
2021.553711
2007.411621
1993.269531
1979.127441
1964.985352
1950.843262
1936.701172
1922.559082
1908.416992
1894.274902
1880.132812
1865.990723
1851.848633
1896.569946
1941.291260
1986.012573
2030.733887
2075.455322
2117.306396
2103.164307
2089.022217
2074.880127
2060.738037
2046.595947
2032.453857
2018.311768
2004.169678
1990.027588
1975.885498
1961.743408
1947.601318
1992.322632
2024.119629
2009.977539
1995.835449
1981.693359
1967.551270
1953.409180
1939.267090
1925.125000
1910.982910
1955.704224
1976.359253
1962.217163
1948.075073
1933.932983
1919.790894
1905.648804
1891.506714
1877.364624
1922.085938
1966.807251
2011.528564
2056.250000
2100.971436
2145.692871
2190.414307
2235.135742
2221.517578
2207.375488
2193.233398
2179.091309
2164.949219
2150.807129
2136.665039
2122.522949
2108.380859
2094.238770
2080.096680
2065.954590
2051.812500
2037.670410
2023.528320
2009.386230
1995.244141
1981.102051
1966.959961
1952.817871
1938.675781
1983.397095
1997.570557
1983.428467
1969.286377
1955.144287
1941.002197
1926.860107
1912.718018
1898.575928
1884.433838
1870.291748
1856.149658
1842.007568
1827.865479
1813.723389
1799.581299
1785.439209
1771.297119
1757.155029
1743.012939
1728.870850
1714.728760
1700.586670
1686.444580
1672.302490
1658.160400
1644.018311
1629.876221
1615.734131
1601.592041
1587.449951
1573.307861
1559.165771
1545.023682
1530.881592
1516.739502
1502.597412
1488.455322
1474.313232
1460.171143
1446.029053
1431.886963
1417.744873
1403.602783
1400.000000
1400.000000
1400.000000
1400.000000
1400.000000
1400.000000
1400.000000
1400.000000
1400.000000
1400.000000
1400.000000
1400.000000
1400.000000
1400.000000
1400.000000
1400.000000
1400.000000
1400.000000
1400.000000
1400.000000
1400.000000
1400.000000
1400.000000
1408.712524
1404.738281
1406.677002
1414.321045
1445.975708
1490.697021
1521.921021
1507.778931
1493.636841
1479.494751
1465.352661
1451.210571
1437.068481
1431.307617
1429.815063
1451.849365
1437.707275
1426.615356
1414.491211
1400.000000
1400.000000
1400.000000
1414.142090
1400.000000
1400.000000
1400.000000
1400.000000
1400.000000
1400.000000
1400.000000
1403.253052
1416.127197
1443.671387
1472.276367
1481.423340
1526.144653
1541.123169
1526.981079
1512.838989
1498.696899
1484.554810
1470.412720
1456.270630
1442.128540
1427.986450
1424.857056
1414.321045
1400.036621
1400.000000
1400.000000
1400.000000
1400.000000
1400.000000
1400.000000
1400.000000
1400.000000
1400.000000
1400.000000
1400.000000
1400.000000
1400.000000
1400.000000
1400.000000
1400.000000
1400.000000
1400.000000
1400.000000
1400.000000
1400.000000
1400.000000
1400.000000
1417.609985
1461.070557
1505.791870
1550.513184
1595.234497
1639.955811
1684.677124
1729.398438
1774.119751
1818.841064
1863.562378
1864.505371
1856.508423
1854.540771
1873.050049
1917.771362
1962.492676
2007.213989
2051.935303
2096.656738
2141.378174
2145.981689
2131.839600
2117.697510
2103.555420
2089.413330
2075.271240
2061.129150
2046.987061
2032.844971
2018.702881
2004.560791
1990.418701
1976.276611
1962.134521
1947.992432
1933.850342
1919.708252
1905.566162
1891.424072
1877.281982
1863.139893
1848.997803
1834.855713
1820.713623
1806.571533
1792.429443
1778.287354
1764.145264
1750.003174
1735.861084
1721.718994
1707.576904
1693.434814
1679.292725
1665.150635
1651.008545
1636.866455
1622.724365
1608.582275
1594.440186
1580.298096
1566.156006
1552.013916
1537.871826
1523.729736
1509.587646
1495.445557
1481.303467
1467.161377
1453.019287
1438.877197
1424.735107
1415.118286
1412.411133
1411.312866
1407.092529
1412.214722
1408.399780
1419.317139
1410.613770
1402.262817
1400.000000
1403.497192
1400.000000
1400.000000
1400.000000
1400.000000
1400.000000
1400.000000
1400.000000
1400.000000
1400.000000
1401.103394
1426.714111
1439.579468
1448.866455
1463.618408
1495.219238
1513.503052
1509.538574
1554.259888
1598.981201
1643.702515
1688.423828
1733.145142
1737.196411
1723.054321
1718.558350
1763.279663
1808.000977
1852.722290
1897.443604
1942.164917
1949.040894
1934.898804
1920.756714
1906.614624
1892.472534
1878.330444
1864.188354
1850.046265
1835.904175
1821.762085
1807.619995
1793.477905
1779.335815
1765.193726
1751.051636
1736.909546
1722.767456
1708.625366
1694.483276
1680.341187
1666.199097
1652.057007
1637.914917
1623.772827
1609.630737
1595.488647
1581.346558
1567.204468
1553.062378
1538.920288
1524.778198
1510.636108
1496.494019
1482.351929
1468.209839
1454.067749
1439.925659
1425.783569
1411.641479
1400.000000
1400.000000
1400.000000
1400.000000
1400.000000
1405.390015
1420.273682
1427.022827
1425.671509
1412.486450
1400.000000
1400.000000
1400.000000
1444.721313
1470.710449
1456.568359
1442.426270
1428.284180
1414.142090
1400.000000
1400.000000
1400.000000
1400.000000
1400.000000
1400.000000
1400.000000
1400.000000
1412.775391
1457.496704
1502.218018
1546.939331
1591.660645
1636.381958
1681.103271
1725.824585
1770.545898
1815.267212
1859.988525
1904.709839
1949.431152
1945.159058
1931.016968
1916.874878
1902.732788
1888.590698
1874.448608
1860.306519
1846.164429
1846.475952
1891.197266
1935.918579
1969.994019
1955.851929
1941.709839
1927.567749
1913.425659
1899.283569
1885.141479
1870.999390
1856.857300
1842.715210
1828.573120
1814.431030
1800.288940
1786.146851
1772.004761
1757.862671
1743.720581
1729.578491
1715.436401
1701.294312
1687.152222
1673.010132
1658.868042
1644.725952
1630.583862
1616.441772
1602.299683
1588.157593
1574.015503
1559.873413
1545.731323
1531.589233
1517.447144
1503.305054
1489.162964
1475.020874
1460.878784
1454.471436
1459.162598
1461.234497
1465.294922
1465.272949
1478.980835
1470.761230
1465.599731
1451.457642
1441.134277
1429.922974
1429.063477
1432.273682
1432.082520
1440.320557
1445.483398
1456.036865
1458.107300
1459.734009
1453.531738
1439.389648
1444.094604
1438.652588
1443.481567
1444.769897
1441.359131
1437.201538
1429.874634
1423.323853
1431.592896
1439.202271
1450.992676
1452.531738
1464.108521
1472.262329
1485.464844
1508.283325
1540.454956
1577.437866
1622.159180
1666.880493
1711.601807
1756.323120
1761.326172
1806.047485
1823.595703
1809.453613
1806.049194
1834.115479
1860.517090
1904.730469
1890.588379
1876.446289
1862.304199
1856.906250
1901.627563
1946.348877
1991.070190
2005.739258
2050.460693
2095.182129
2139.903564
2132.438721
2118.296631
2104.154541
2090.012451
2075.870361
2061.728271
2047.586060
2033.443970
2019.301880
2005.159790
1991.017700
1976.875610
1962.733521
1948.591431
1934.449341
1920.307251
1906.165161
1892.023071
1877.880981
1863.738892
1849.596802
1835.454712
1821.312622
1807.170532
1793.028442
1778.886353
1778.939209
1764.797119
1750.655029
1736.512939
1722.370850
1718.107788
1709.084106
1724.539185
1735.593018
1747.742188
1776.055908
1785.563965
1771.421875
1785.815186
1771.673096
1772.330078
1771.327881
1773.530151
1817.650391
1805.635376
1791.493286
1777.351196
1763.209106
1749.067017
1734.924927
1740.095581
1730.826660
1725.517090
1721.513916
1723.633301
1709.491211
1695.349121
1681.207031
1667.064941
1652.922852
1638.780762
1639.043457
1627.016724
1647.264648
1677.056274
1721.777588
1753.539917
1739.397827
1725.255737
1711.113647
1696.971558
1682.829468
1668.687378
1679.412964
1694.909546
1715.335938
1701.193848
1721.249756
1707.107666
1692.965576
1678.823486
1665.414673
1665.567993
1693.654053
1729.968384
1742.072021
1727.929932
1713.787842
1699.645752
1685.503662
1671.361572
1658.915771
1690.501221
1735.222534
1761.295898
1747.153809
1733.011719
1718.869629
1704.727539
1690.585449
1700.656128
1694.675415
1722.811523
1741.477783
1727.335693
1713.193604
1699.051514
1684.909424
1670.767334
1656.625244
1642.483154
1628.341064
1614.198975
1600.056885
1586.173950
1578.261963
1564.119873
1566.228760
1567.343872
1557.909668
1543.767578
1529.625488
1515.483398
1512.859375
1508.098755
1514.800659
1558.165405
1560.733643
1546.591553
1532.449463
1518.307373
1504.165283
1490.023193
1475.881104
1461.739014
1447.596924
1433.454834
1456.568359
1442.426270
1428.284180
1414.142090
1400.000000
1400.000000
1400.000000
1400.000000
1400.000000
1400.000000
1400.000000
1400.000000
1418.491211
1436.944092
1451.276001
1454.727783
1468.978027
1470.888306
1478.811279
1523.532593
1541.960693
1527.818604
1513.676514
1499.534424
1485.392334
1471.250244
1457.108154
1445.381104
1431.239014
1429.737061
1417.050415
1417.217285
1441.203125
1485.924438
1523.887329
1509.745239
1495.603149
1481.461060
1467.318970
1453.176880
1448.328613
1446.923828
1454.496094
1466.071533
1455.634888
1441.492798
1427.350708
1413.208618
1400.000000
1400.000000
1444.721313
1489.442627
1498.994629
1484.852539
1470.710449
1456.568359
1442.426270
1428.284180
1414.142090
1400.000000
1400.000000
1400.000000
1400.000000
1400.000000
1407.262939
1405.091553
1432.348145
1477.069458
1490.593140
1525.164429
1567.009521
1595.967407
1638.527954
1652.204712
1638.062622
1667.905396
1676.496094
1721.217407
1730.122070
1717.874756
1703.732666
1725.346802
1770.068115
1814.789429
1848.444824
1854.311890
1899.033203
1943.754517
1988.475830
2033.197144
2077.918457
2122.639893
2167.361328
2212.082764
2256.804199
2301.525635
2346.247070
2349.225586
2335.083496
2320.941406
2306.799316
2292.657227
2278.515137
2264.373047
2250.230957
2236.088867
2221.946777
2207.804688
2193.662598
2179.520508
2165.378418
2151.236328
2137.094238
2122.952148
2167.673584
2212.395020
2206.695068
2192.552979
2178.410889
2164.268799
2150.126709
2135.984619
2121.842529
2107.700439
2093.558350
2079.416260
2065.274170
2051.132080
2036.989868
2022.847778
2008.705688
1994.563599
1980.421509
1966.279419
1952.137329
1937.995239
1982.716553
2019.675537
2005.533447
1991.391357
1977.249268
1963.107178
1948.965088
1934.822998
1920.680908
1906.538818
1951.260132
1995.981445
2040.702759
2085.424072
2130.145508
2174.866943
2211.262939
2197.120850
2182.978760
2168.836670
2154.694580
2140.552490
2126.410400
2112.268311
2098.126221
2083.984131
2069.842041
2055.699951
2041.557739
2027.415649
2013.273560
1999.131470
1984.989380
1970.847290
1956.705200
1942.563110
1928.421021
1973.142334
2017.863647
2062.584961
2107.306396
2152.027832
2196.749268
2241.470703
2286.192139
2315.575439
2301.433350
2287.291260
2273.149170
2259.007080
2244.864990
2230.722900
2216.580811
2202.438721
2188.296631
2174.154541
2160.012451
2145.870361
2131.728271
2117.586182
2103.444092
2089.302002
2075.159912
2061.017822
2046.875732
2032.733643
2018.591553
2004.449463
1990.307373
1976.165283
1962.023193
1947.881104
1933.739014
1919.596924
1905.454834
1950.176147
1994.897461
2033.540405
2019.398315
2005.256226
1991.114136
1976.972046
1962.829956
1948.687866
1934.545776
1920.403687
1906.261597
1892.119507
1877.977417
1863.835327
1849.693237
1865.569702
1910.291016
1955.012329
1999.733643
2044.454956
2089.176270
2098.865723
2084.723633
2070.581543
2056.439453
2042.297241
2028.155151
2014.013062
1999.870972
1985.728882
1971.586792
1957.444702
1943.302612
1929.160522
1915.018433
1959.739746
2004.461060
2049.182373
2067.751465
2053.609375
2039.467285
2070.922852
2056.780762
2042.638550
2028.496460
2014.354370
2000.212280
1986.070190
1971.928101
1957.786011
1943.643921
1988.365234
2033.086548
2077.807861
2122.529297
2167.250732
2157.157959
2143.015869
2128.873779
2114.731689
2100.589600
2086.447510
2072.305420
2058.163330
2044.021240
2029.879150
2015.737061
2001.594971
1987.452881
1973.310791
1959.168701
1945.026611
1930.884521
1916.742432
1902.600342
1888.458252
1874.316162
1860.174072
1846.031982
1831.889893
1817.747803
1803.605713
1789.463623
1775.321533
1761.179443
1747.037354
1732.895264
1718.753174
1704.611084
1690.468994
1676.326904
1668.560669
1661.371216
1664.734009
1650.591919
1642.184814
1628.042725
1613.900635
1599.758545
1585.616455
1571.474365
1560.715820
1568.855835
1593.776978
1638.498291
1639.666504
1625.524414
1611.382324
1597.240234
1583.098145
1568.956055
1554.813965
1540.671875
1526.529785
1512.387695
1498.245605
1501.896118
1487.754028
1473.611938
1459.469849
1445.327759
1431.185669
1417.043579
1402.901489
1400.000000
1400.000000
1400.000000
1400.720459
1400.000000
1420.830322
1459.275146
1503.996460
1548.717773
1593.439087
1638.160400
1640.321411
1626.179321
1612.037231
1597.895142
1583.753052
1569.610962
1555.468872
1541.326782
1527.184692
1513.042603
1501.896118
1487.754028
1473.611938
1459.469849
1445.327759
1438.009888
1437.408691
1439.980835
1467.731201
1496.106934
1501.119507
1529.973755
1533.601440
1523.859985
1509.717896
1495.575806
1481.433716
1469.515991
1467.827515
1460.109253
1469.325073
1470.259644
1485.669434
1499.853882
1512.140503
1497.946899
1483.804810
1493.683716
1492.724731
1488.214478
1489.338379
1485.059570
1482.445801
1470.788330
1470.523438
1465.992432
1478.622925
1486.305054
1500.948853
1503.883545
1491.379150
1482.354980
1485.808472
1474.231079
1467.647827
1475.813110
1478.887695
1487.275146
1489.819824
1495.773071
1501.812012
1497.000977
1491.652588
1477.510498
1463.368408
1456.083618
1462.957153
1468.989746
1479.316284
1488.584351
1501.009888
1486.867798
1501.383789
1503.308472
1492.357300
1490.838501
1484.509399
1482.187012
1477.165771
1478.727417
1493.782593
1506.006470
1518.334961
1563.056274
1607.777588
1652.498901
1697.220215
1741.941528
1786.662842
1831.384155
1868.219116
1854.077026
1839.934937
1825.792847
1811.650757
1797.508667
1783.366577
1769.224487
1755.082397
1740.940308
1778.159058
1771.183228
1757.041138
1742.899048
1728.756958
1714.614868
1700.472778
1726.162720
1763.976318
1749.834229
1758.374634
1744.232544
1739.302490
1759.000244
1744.858154
1754.848999
1740.706909
1739.306152
1732.812744
1720.346680
1706.204590
1704.938110
1736.330933
1781.052246
1773.682983
1759.540894
1745.398804
1768.935181
1772.913330
1817.634644
1857.375488
1856.165405
1842.023315
1827.881226
1813.739136
1799.597046
1785.454956
1771.312866
1757.170776
1743.028687
1728.886597
1714.744507
1700.602417
1686.460327
1672.318237
1658.176147
1644.034058
1629.891968
1615.749878
1601.607788
1587.465698
1573.323608
1559.181519
1545.039429
1530.897339
1516.755249
1502.613159
1488.471069
1474.328979
1460.186890
1446.044800
1431.902710
1417.760620
1403.618530
1404.544312
1401.950928
1401.782959
1402.153687
1420.636841
1418.950195
1429.614014
1434.072144
1468.654175
1488.365479
1510.346313
1524.552490
1544.491821
1555.788208
1579.492065
1610.563843
1638.033447
1682.754761
1727.476074
1772.197388
1816.918701
1838.607056
1836.814819
1824.262695
1810.120605
1795.978516
1781.836426
1767.694336
1753.552246
1739.410156
1725.268066
1711.125977
1696.983887
1682.841797
1668.699707
1654.557617
1640.415527
1626.273438
1612.131348
1597.989258
1583.847168
1569.705078
1555.562988
1541.420898
1527.278809
1513.136719
1498.994629
1484.852539
1470.710449
1456.568359
1442.426270
1428.284180
1414.142090
1400.000000
1400.000000
1400.000000
1400.000000
1400.000000
1400.000000
1400.000000
1400.000000
1400.000000
1400.000000
1400.000000
1400.000000
1400.000000
1400.000000
1400.000000
1400.000000
1400.000000
1400.000000
1400.000000
1400.000000
1400.000000
1400.000000
1400.000000
1400.000000
1400.000000
1400.000000
1400.000000
1400.000000
1400.000000
1400.000000
1400.000000
1400.000000
1400.000000
1400.000000
1400.000000
1400.000000
1400.000000
1400.000000
1400.000000
1400.000000
1400.000000
1400.000000
1400.000000
1400.000000
1400.000000
1400.000000
1400.000000
1400.000000
1400.000000
1400.000000
1400.000000
1400.000000
1400.000000
1400.000000
1400.000000
1400.000000
1400.000000
1400.000000
1400.000000
1400.000000
1400.000000
1400.000000
1400.000000
1400.000000
1400.000000
1400.000000
1400.000000
1400.000000
1400.000000
1400.000000
1400.000000
1400.000000
1400.000000
1400.000000
1400.000000
1400.000000
1400.000000
1400.000000
1400.000000
1400.000000
1400.000000
1400.000000
1400.000000
1400.000000
1400.000000
1400.000000
1400.000000
1400.000000
1400.000000
1400.000000
1400.000000
1400.000000
1400.000000
1400.000000
1400.000000
1400.000000
1400.000000
1400.000000
1400.000000
1400.000000
1400.000000
1400.000000
1400.000000
1400.000000
1400.000000
1400.000000
1400.000000
1400.000000
1400.000000
1400.000000
1400.000000
1400.000000
1400.000000
1400.000000
1400.000000
1400.000000
1400.000000
1400.000000
1400.000000
1400.000000
1400.000000
1400.000000
1400.000000
1400.000000
1400.000000
1400.000000
1400.000000
1400.000000
1400.000000
1400.000000
1400.000000
1400.000000
1400.000000
1400.000000
1400.000000
1400.000000
1400.000000
1400.000000
1400.000000
1400.000000
1400.000000
1400.000000
1400.000000
1400.000000
1400.000000
1400.000000
1400.000000
1400.000000
1400.000000
1400.000000
1400.000000
1400.000000
1400.000000
1400.000000
1400.000000
1400.000000
1400.000000
1400.000000
1400.000000
1400.000000
1400.000000
1400.000000
1400.000000
1400.000000
1400.000000
1400.000000
1400.000000
1400.000000
1400.000000
1400.000000
1400.000000
1400.000000
1400.000000
1400.000000
1400.000000
1400.000000
1400.000000
1400.000000
1400.000000
1400.000000
1400.000000
1400.000000
1400.000000
1400.000000
1400.000000
1400.000000
1400.000000
1400.000000
1400.000000
1400.000000
1400.000000
1400.000000
1400.000000
1400.000000
1400.000000
1400.000000
1400.000000
1400.000000
1400.000000
1400.000000
1400.000000
1400.000000
1400.000000
1400.000000
1400.000000
1400.000000
1400.000000
1400.000000
1400.000000
1400.000000
1400.000000
1400.000000
1400.000000
1400.000000
1400.000000
1400.000000
1400.000000
1400.000000
1400.000000
1400.000000
1400.000000
1400.000000
1400.000000
1400.000000
1400.000000
1400.000000
1400.000000
1400.000000
1400.000000
1400.000000
1400.000000
1400.000000
1400.000000
1400.000000
1400.000000
1400.000000
1400.000000
1400.000000
1400.000000
1400.000000
1400.000000
1400.000000
1400.000000
1400.000000
1400.000000
1400.000000
1400.000000
1400.000000
1400.000000
1400.000000
1400.000000
1400.000000
1400.000000
1400.000000
1400.000000
1400.000000
1400.000000
1400.000000
1400.000000
1400.000000
1400.000000
1400.000000
1400.000000
1400.000000
1400.000000
1400.000000
1400.000000
1400.000000
1400.000000
1400.000000
1400.000000
1400.000000
1400.000000
1400.000000
1400.000000
1400.000000
1400.000000
1400.000000
1400.000000
1400.000000
1400.000000
1400.000000
1400.000000
1400.000000
1400.000000
1400.000000
1400.000000
1400.000000
1400.000000
1400.000000
1400.000000
1400.000000
1400.000000
1400.000000
1400.000000
1400.000000
1400.000000
1400.000000
1400.000000
1400.000000
1400.000000
1400.000000
1400.000000
1400.000000
1400.000000
1400.000000
1400.000000
1400.000000
1400.000000
1400.000000
1400.000000
1400.000000
1400.000000
1400.000000
1400.000000
1400.000000
1400.000000
1400.000000
1400.000000
1400.000000
1400.000000
1400.000000
1400.000000
1400.000000
1400.000000
1400.000000
1400.000000
1400.000000
1400.000000
1400.000000
1400.000000
1400.000000
1400.000000
1400.000000
1400.000000
1400.000000
1400.000000
1400.000000
1400.000000
1400.000000
1400.000000
1400.000000
1400.000000
1400.000000
1400.000000
1400.000000
1400.000000
1400.000000
1400.000000
1400.000000
1400.000000
1400.000000
1400.000000
1400.000000
1400.000000
1400.000000
1400.000000
1400.000000
1400.000000
1400.000000
1400.000000
1400.000000
1400.000000
1400.000000
1400.000000
1400.000000
1400.000000
1400.000000
1400.000000
1400.000000
1400.000000
1400.000000
1400.000000
1400.000000
1400.000000
1400.000000
1400.000000
1400.000000
1400.000000
1400.000000
1400.000000
1400.000000
1400.000000
1400.000000
1400.000000
1400.000000
1400.000000
1400.000000
1400.000000
1400.000000
1400.000000
1400.000000
1400.000000
1400.000000
1400.000000
1400.000000
1400.000000
1400.000000
1400.000000
1400.000000
1400.000000
1400.000000
1400.000000
1400.000000
1400.000000
1400.000000
1400.000000
1400.000000
1400.000000
1400.000000
1400.000000
1400.000000
1400.000000
1400.000000
1400.000000
1400.000000
1400.000000
1400.000000
1400.000000
1400.000000
1400.000000
1400.000000
1400.000000
1400.000000
1400.000000
1400.000000
1400.000000
1400.000000
1400.000000
1400.000000
1400.000000
1400.000000
1400.000000
1400.000000
1400.000000
1400.000000
1400.000000
1400.000000
1400.000000
1400.000000
1400.000000
1400.000000
1400.000000
1400.000000
1400.000000
1400.000000
1400.000000
1400.000000
1400.000000
1400.000000
1400.000000
1400.000000
1400.000000
1400.000000
1400.000000
1400.000000
1400.000000
1400.000000
1400.000000
1400.000000
1400.000000
1400.000000
1400.000000
1400.000000
1400.000000
1400.000000
1400.000000
1400.000000
1400.000000
1400.000000
1400.000000
1400.000000
1400.000000
1400.000000
1400.000000
1400.000000
1400.000000
1400.000000
1400.000000
1400.000000
1400.000000
1400.000000
1400.000000
1400.000000
1400.000000
1400.000000
1400.000000
1400.000000
1400.000000
1400.000000
1400.000000
1400.000000
1400.000000
1400.000000
1400.000000
1400.000000
1400.000000
1400.000000
1400.000000
1400.000000
1400.000000
1400.000000
1400.000000
1400.000000
1400.000000
1400.000000
1400.000000
1400.000000
1400.000000
1400.000000
1400.000000
1400.000000
1400.000000
1400.000000
1400.000000
1400.000000
1400.000000
1400.000000
1400.000000
1400.000000
1400.000000
1400.000000
1400.000000
1400.000000
1400.000000
1400.000000
1400.000000
1400.000000
1400.000000
1400.000000
1400.000000
1400.000000
1400.000000
1400.000000
1400.000000
1400.000000
1400.000000
1400.000000
1400.000000
1400.000000
1400.000000
1400.000000
1400.000000
1400.000000
1400.000000
1400.000000
1400.000000
1400.000000
1400.000000
1400.000000
1400.000000
1400.000000
1400.000000
1400.000000
1400.000000
1400.000000
1400.000000
1400.000000
1400.000000
1400.000000
1400.000000
1400.000000
1400.000000
1400.000000
1400.000000
1400.000000
1400.000000
1400.000000
1400.000000
1400.000000
1400.000000
1400.000000
1400.000000
1400.000000
1400.000000
1400.000000
1400.000000
1400.000000
1400.000000
1400.000000
1400.000000
1400.000000
1400.000000
1400.000000
1400.000000
1400.000000
1400.000000
1400.000000
1400.000000
1400.000000
1400.000000
1400.000000
1400.000000
1400.000000
1400.000000
1400.000000
1400.000000
1400.000000
1400.000000
1400.000000
1400.000000
1400.000000
1400.000000
1400.000000
1400.000000
1400.000000
1400.000000
1400.000000
1400.000000
1400.000000
1400.000000
1400.000000
1400.000000
1400.000000
1400.000000
1400.000000
1400.000000
1400.000000
1400.000000
1400.000000
1400.000000
1400.000000
1400.000000
1400.000000
1400.000000
1400.000000
1400.000000
1400.000000
1400.000000
1400.000000
1400.000000
1400.000000
1400.000000
1400.000000
1400.000000
1400.000000
1400.000000
1400.000000
1400.000000
1400.000000
1400.000000
1400.000000
1400.000000
1400.000000
1400.000000
1400.000000
1400.000000
1400.000000
1400.000000
1400.000000
1400.000000
1400.000000
1400.000000
1400.000000
1400.000000
1400.000000
1400.000000
1400.000000
1400.000000
1400.000000
1400.000000
1400.000000
1400.000000
1400.000000
1400.000000
1400.000000
1400.000000
1400.000000
1400.000000
1400.000000
1400.000000
1400.000000
1400.000000
1400.000000
1400.000000
1400.000000
1400.000000
1400.000000
1400.000000
1400.000000
1400.000000
1400.000000
1400.000000
1400.000000
1400.000000
1400.000000
1400.000000
1400.000000
1400.000000
1400.000000
1400.000000
1400.000000
1400.000000
1400.000000
1400.000000
1400.000000
1400.000000
1400.000000
1400.000000
1400.000000
1400.000000
1400.000000
1400.000000
1400.000000
1400.000000
1400.000000
1400.000000
1400.000000
1400.000000
1400.000000
1400.000000
1400.000000
1400.000000
1400.000000
1400.000000
1400.000000
1400.000000
1400.000000
1400.000000
1400.000000
1400.000000
1400.000000
1400.000000
1400.000000
1400.000000
1400.000000
1400.000000
1400.000000
1400.000000
1400.000000
1400.000000
1400.000000
1400.000000
1400.000000
1400.000000
1400.000000
1400.000000
1400.000000
1400.000000
1400.000000
1400.000000
1400.000000
1400.000000
1400.000000
1400.000000
1400.000000
1400.000000
1400.000000
1400.000000
1400.000000
1400.000000
1400.000000
1400.000000
1400.000000
1400.000000
1400.000000
1400.000000
1400.000000
1400.000000
1400.000000
1400.000000
1400.000000
1400.000000
1400.000000
1400.000000
1400.000000
1400.000000
1400.000000
1400.000000
1400.000000
1400.000000
1400.000000
1400.000000
1400.000000
1400.000000
1400.000000
1400.000000
1400.000000
1400.000000
1400.000000
1400.000000
1400.000000
1400.000000
1400.000000
1400.000000
1400.000000
1400.000000
1400.000000
1400.000000
1400.000000
1400.000000
1400.000000
1400.000000
1400.000000
1400.000000
1400.000000
1400.000000
1400.000000
1400.000000
1400.000000
1400.000000
1400.000000
1400.000000
1400.000000
1400.000000
1400.000000
1400.000000
1400.000000
1400.000000
1400.000000
1400.000000
1400.000000
1400.000000
1400.000000
1400.000000
1400.000000
1400.000000
1400.000000
1400.000000
1400.000000
1400.000000
1400.000000
1400.000000
1400.000000
1400.000000
1400.000000
1400.000000
1400.000000
1400.000000
1400.000000
1400.000000
1400.000000
1400.000000
1400.000000
1400.000000
1400.000000
1400.000000
1400.000000
1400.000000
1400.000000
1400.000000
1400.000000
1400.000000
1400.000000
1400.000000
1400.000000
1400.000000
1400.000000
1400.000000
1400.000000
1400.000000
1400.000000
1400.000000
1400.000000
1400.000000
1400.000000
1400.000000
1400.000000
1400.000000
1400.000000
1400.000000
1400.000000
1400.000000
1400.000000
1400.000000
1400.000000
1400.000000
1400.000000
1400.000000
1400.000000
1400.000000
1400.000000
1400.000000
1400.000000
1400.000000
1400.000000
1400.000000
1400.000000
1400.000000
1400.000000
1400.000000
1400.000000
1400.000000
1400.000000
1400.000000
1400.000000
1400.000000
1400.000000
1400.000000
1400.000000
1400.000000
1400.000000
1400.000000
1400.000000
1400.000000
1400.000000
1400.000000
1400.000000
1400.000000
1400.000000
1400.000000
1400.000000
1400.000000
1400.000000
1400.000000
1400.000000
1400.000000
1400.000000
1400.000000
1400.000000
1400.000000
1400.000000
1400.000000
1400.000000
1400.000000
1400.000000
1400.000000
1400.000000
1400.000000
1400.000000
1400.000000
1400.000000
1400.000000
1400.000000
1400.000000
1400.000000
1400.000000
1400.000000
1400.000000
1400.000000
1400.000000
1400.000000
1400.000000
1400.000000
1400.000000
1400.000000
1400.000000
1400.000000
1400.000000
1400.000000
1400.000000
1400.000000
1400.000000
1400.000000
1400.000000
1400.000000
1400.000000
1400.000000
1400.000000
1400.000000
1400.000000
1400.000000
1400.000000
1400.000000
1400.000000
1400.000000
1400.000000
1400.000000
1400.000000
1400.000000
1400.000000
1400.000000
1400.000000
1400.000000
1400.000000
1400.000000
1400.000000
1400.000000
1400.000000
1400.000000
1400.000000
1400.000000
1400.000000
1400.000000
1400.000000
1400.000000
1400.000000
1400.000000
1400.000000
1400.000000
1400.000000
1400.000000
1400.000000
1400.000000
1400.000000
1400.000000
1400.000000
1400.000000
1400.000000
1400.000000
1400.000000
1400.000000
1400.000000
1400.000000
1400.000000
1400.000000
1400.000000
1400.000000
1400.000000
1400.000000
1400.000000
1400.000000
1400.000000
1400.000000
1400.000000
1400.000000
1400.000000
1400.000000
1400.000000
1400.000000
1400.000000
1400.000000
1400.000000
1400.000000
1400.000000
1400.000000
1400.000000
1400.000000
1400.000000
1400.000000
1400.000000
1400.000000
1400.000000
1400.000000
1400.000000
1400.000000
1400.000000
1400.000000
1400.000000
1400.000000
1400.000000
1400.000000
1400.000000
1400.000000
1400.000000
1400.000000
1400.000000
1400.000000
1400.000000
1400.000000
1400.000000
1400.000000
1400.000000
1400.000000
1400.000000
1400.000000
1400.000000
1400.000000
1400.000000
1400.000000
1400.000000
1400.000000
1400.000000
1400.000000
1400.000000
1400.000000
1400.000000
1400.000000
1400.000000
1400.000000
1400.000000
1400.000000
1400.000000
1400.000000
1400.000000
1400.000000
1400.000000
1400.000000
1400.000000
1400.000000
1400.000000
1400.000000
1400.000000
1400.000000
1400.000000
1400.000000
1400.000000
1400.000000
1400.000000
1400.000000
1400.000000
1400.000000
1400.000000
1400.000000
1400.000000
1400.000000
1400.000000
1400.000000
1400.000000
1400.000000
1400.000000
1400.000000
1400.000000
1400.000000
1400.000000
1400.000000
1400.000000
1400.000000
1400.000000
1400.000000
1400.000000
1400.000000
1400.000000
1400.000000
1400.000000
1400.000000
1400.000000
1400.000000
1400.000000
1400.000000
1400.000000
1400.000000
1400.000000
1400.000000
1400.000000
1400.000000
1400.000000
1400.000000
1400.000000
1400.000000
1400.000000
1400.000000
1400.000000
1400.000000
1400.000000
1400.000000
1400.000000
1400.000000
1400.000000
1400.000000
1400.000000
1400.000000
1400.000000
1400.000000
1400.000000
1400.000000
1400.000000
1400.000000
1400.000000
1400.000000
1400.000000
1400.000000
1400.000000
1400.000000
1400.000000
1400.000000
1400.000000
1400.000000
1400.000000
1400.000000
1400.000000
1400.000000
1400.000000
1400.000000
1400.000000
1400.000000
1400.000000
1400.000000
1400.000000
1400.000000
1400.000000
1400.000000
1400.000000
1400.000000
1400.000000
1400.000000
1400.000000
1400.000000
1400.000000
1400.000000
1400.000000
1400.000000
1400.000000
1400.000000
1400.000000
1400.000000
1400.000000
1400.000000
1400.000000
1400.000000
1400.000000
1400.000000
1400.000000
1400.000000
1400.000000
1400.000000
1400.000000
1400.000000
1400.000000
1400.000000
1400.000000
1400.000000
1400.000000
1400.000000
1400.000000
1400.000000
1400.000000
1400.000000
1400.000000
1400.000000
1400.000000
1400.000000
1400.000000
1400.000000
1400.000000
1400.000000
1400.000000
1400.000000
1400.000000
1400.000000
1400.000000
1400.000000
1400.000000
1400.000000
1400.000000
1400.000000
1400.000000
1400.000000
1400.000000
1400.000000
1400.000000
1400.000000
1400.000000
1400.000000
1400.000000
1400.000000
1400.000000
1400.000000
1400.000000
1400.000000
1400.000000
1400.000000
1400.000000
1400.000000
1400.000000
1400.000000
1400.000000
1400.000000
1400.000000
1400.000000
1400.000000
1400.000000
1400.000000
1400.000000
1400.000000
1400.000000
1400.000000
1400.000000
1400.000000
1400.000000
1400.000000
1400.000000
1400.000000
1400.000000
1400.000000
1400.000000
1400.000000
1400.000000
1400.000000
1400.000000
1400.000000
1400.000000
1400.000000
1400.000000
1400.000000
1400.000000
1400.000000
1400.000000
1400.000000
1400.000000
1400.000000
1400.000000
1400.000000
1400.000000
1400.000000
1400.000000
1400.000000
1400.000000
1400.000000
1400.000000
1400.000000
1400.000000
1400.000000
1400.000000
1400.000000
1400.000000
1400.000000
1400.000000
1400.000000
1400.000000
1400.000000
1400.000000
1400.000000
1400.000000
1400.000000
1400.000000
1400.000000
1400.000000
1400.000000
1400.000000
1400.000000
1400.000000
1400.000000
1400.000000
1400.000000
1400.000000
1400.000000
1400.000000
1400.000000
1400.000000
1400.000000
1400.000000
1400.000000
1400.000000
1400.000000
1400.000000
1400.000000
1400.000000
1400.000000
1400.000000
1400.000000
1400.000000
1400.000000
1400.000000
1400.000000
1400.000000
1400.000000
1400.000000
1400.000000
1400.000000
1400.000000
1400.000000
1400.000000
1400.000000
1400.000000
1400.000000
1400.000000
1400.000000
1400.000000
1400.000000
1400.000000
1400.000000
1400.000000
1400.000000
1400.000000
1400.000000
1400.000000
1400.000000
1400.000000
1400.000000
1400.000000
1400.000000
1400.000000
1400.000000
1400.000000
1400.000000
1400.000000
1400.000000
1400.000000
1400.000000
1400.000000
1400.000000
1400.000000
1400.000000
1400.000000
1400.000000
1400.000000
1400.000000
1400.000000
1400.000000
1400.000000
1400.000000
1400.000000
1400.000000
1400.000000
1400.000000
1400.000000
1400.000000
1400.000000
1400.000000
1400.000000
1400.000000
1400.000000
1400.000000
1400.000000
1400.000000
1400.000000
1400.000000
1400.000000
1400.000000
1400.000000
1400.000000
1400.000000
1400.000000
1400.000000
1400.000000
1400.000000
1400.000000
1400.000000
1400.000000
1400.000000
1400.000000
1400.000000
1400.000000
1400.000000
1400.000000
1400.000000
1400.000000
1400.000000
1400.000000
1400.000000
1400.000000
1400.000000
1400.000000
1400.000000
1400.000000
1400.000000
1400.000000
1400.000000
1400.000000
1400.000000
1400.000000
1400.000000
1400.000000
1400.000000
1400.000000
1400.000000
1400.000000
1400.000000
1400.000000
1400.000000
1400.000000
1400.000000
1400.000000
1400.000000
1400.000000
1400.000000
1400.000000
1400.000000
1400.000000
1400.000000
1400.000000
1400.000000
1400.000000
1400.000000
1400.000000
1400.000000
1400.000000
1400.000000
1400.000000
1400.000000
1400.000000
1400.000000
1400.000000
1400.000000
1400.000000
1400.000000
1400.000000
1400.000000
1400.000000
1400.000000
1400.000000
1400.000000
1400.000000
1400.000000
1400.000000
1400.000000
1400.000000
1400.000000
1400.000000
1400.000000
1400.000000
1400.000000
1400.000000
1400.000000
1400.000000
1400.000000
1400.000000
1400.000000
1400.000000
1400.000000
1400.000000
1400.000000
1400.000000
1400.000000
1400.000000
1400.000000
1400.000000
1400.000000
1400.000000
1400.000000
1400.000000
1400.000000
1400.000000
1400.000000
1400.000000
1400.000000
1400.000000
1400.000000
1400.000000
1400.000000
1400.000000
1400.000000
1400.000000
1400.000000
1400.000000
1400.000000
1400.000000
1400.000000
1400.000000
1400.000000
1400.000000
1400.000000
1400.000000
1400.000000
1400.000000
1400.000000
1400.000000
1400.000000
1400.000000
1400.000000
1400.000000
1400.000000
1400.000000
1400.000000
1400.000000
1400.000000
1400.000000
1400.000000
1400.000000
1400.000000
1400.000000
1400.000000
1400.000000
1400.000000
1400.000000
1400.000000
1400.000000
1400.000000
1400.000000
1400.000000
1400.000000
1400.000000
1400.000000
1400.000000
1400.000000
1400.000000
1400.000000
1400.000000
1400.000000
1400.000000
1400.000000
1400.000000
1400.000000
1400.000000
1400.000000
1400.000000
1400.000000
1400.000000
1400.000000
1400.000000
1400.000000
1400.000000
1400.000000
1400.000000
1400.000000
1400.000000
1400.000000
1400.000000
1400.000000
1400.000000
1400.000000
1400.000000
1400.000000
1400.000000
1400.000000
1400.000000
1400.000000
1400.000000
1400.000000
1400.000000
1400.000000
1400.000000
1400.000000
1400.000000
1400.000000
1400.000000
1400.000000
1400.000000
1400.000000
1400.000000
1400.000000
1400.000000
1400.000000
1400.000000
1400.000000
1400.000000
1400.000000
1400.000000
1400.000000
1400.000000
1400.000000
1400.000000
1400.000000
1400.000000
1400.000000
1400.000000
1400.000000
1400.000000
1400.000000
1400.000000
1400.000000
1400.000000
1400.000000
1400.000000
1400.000000
1400.000000
1400.000000
1400.000000
1400.000000
1400.000000
1400.000000
1400.000000
1400.000000
1400.000000
1400.000000
1400.000000
1400.000000
1400.000000
1400.000000
1400.000000
1400.000000
1400.000000
1400.000000
1400.000000
1400.000000
1400.000000
1400.000000
1400.000000
1400.000000
1400.000000
1400.000000
1400.000000
1400.000000
1400.000000
1400.000000
1400.000000
1400.000000
1400.000000
1400.000000
1400.000000
1400.000000
1400.000000
1400.000000
1400.000000
1400.000000
1400.000000
1400.000000
1400.000000
1400.000000
1400.000000
1400.000000
1400.000000
1400.000000
1400.000000
1400.000000
1400.000000
1400.000000
1400.000000
1400.000000
1400.000000
1400.000000
1400.000000
1400.000000
1400.000000
1400.000000
1400.000000
1400.000000
1400.000000
1400.000000
1400.000000
1400.000000
1400.000000
1400.000000
1400.000000
1400.000000
1400.000000
1400.000000
1400.000000
1400.000000
1400.000000
1400.000000
1400.000000
1400.000000
1400.000000
1400.000000
1400.000000
1400.000000
1400.000000
1400.000000
1400.000000
1400.000000
1400.000000
1400.000000
1400.000000
1400.000000
1400.000000
1400.000000
1400.000000
1400.000000
1400.000000
1400.000000
1400.000000
1400.000000
1400.000000
1400.000000
1400.000000
1400.000000
1400.000000
1400.000000
1400.000000
1400.000000
1400.000000
1400.000000
1400.000000
1400.000000
1400.000000
1400.000000
1400.000000
1400.000000
1400.000000
1400.000000
1400.000000
1400.000000
1400.000000
1400.000000
1400.000000
1400.000000
1400.000000
1400.000000
1400.000000
1400.000000
1400.000000
1400.000000
1400.000000
1400.000000
1400.000000
1400.000000
1400.000000
1400.000000
1400.000000
1400.000000
1400.000000
1400.000000
1400.000000
1400.000000
1400.000000
1400.000000
1400.000000
1400.000000
1400.000000
1400.000000
1400.000000
1400.000000
1400.000000
1400.000000
1400.000000
1400.000000
1400.000000
1400.000000
1400.000000
1400.000000
1400.000000
1400.000000
1400.000000
1400.000000
1400.000000
1400.000000
1400.000000
1400.000000
1400.000000
1400.000000
1400.000000
1400.000000
1400.000000
1400.000000
1400.000000
1400.000000
1400.000000
1400.000000
1400.000000
1400.000000
1400.000000
1400.000000
1400.000000
1400.000000
1400.000000
1400.000000
1400.000000
1400.000000
1400.000000
1400.000000
1400.000000
1400.000000
1400.000000
1400.000000
1400.000000
1400.000000
1400.000000
1400.000000
1400.000000
1400.000000
1400.000000
1400.000000
1400.000000
1400.000000
1400.000000
1400.000000
1400.000000
1400.000000
1400.000000
1400.000000
1400.000000
1400.000000
1400.000000
1400.000000
1400.000000
1400.000000
1400.000000
1400.000000
1400.000000
1400.000000
1400.000000
1400.000000
1400.000000
1400.000000
1400.000000
1400.000000
1400.000000
1400.000000
1400.000000
1400.000000
1400.000000
1400.000000
1400.000000
1400.000000
1400.000000
1400.000000
1400.000000
1400.000000
1400.000000
1400.000000
1400.000000
1400.000000
1400.000000
1400.000000
1400.000000
1400.000000
1400.000000
1400.000000
1400.000000
1400.000000
1400.000000
1400.000000
1400.000000
1400.000000
1400.000000
1400.000000
1400.000000
1400.000000
1400.000000
1400.000000
1400.000000
1400.000000
1400.000000
1400.000000
1400.000000
1400.000000
1400.000000
1400.000000
1400.000000
1400.000000
1400.000000
1400.000000
1400.000000
1400.000000
1400.000000
1400.000000
1400.000000
1400.000000
1400.000000
1400.000000
1400.000000
1400.000000
1400.000000
1400.000000
1400.000000
1400.000000
1400.000000
1400.000000
1400.000000
1400.000000
1400.000000
1400.000000
1400.000000
1400.000000
1400.000000
1400.000000
1400.000000
1400.000000
1400.000000
1400.000000
1400.000000
1400.000000
1400.000000
1400.000000
1400.000000
1400.000000
1400.000000
1400.000000
1400.000000
1400.000000
1400.000000
1400.000000
1400.000000
1400.000000
1400.000000
1400.000000
1400.000000
1400.000000
1400.000000
1400.000000
1400.000000
1400.000000
1400.000000
1400.000000
1400.000000
1400.000000
1400.000000
1400.000000
1400.000000
1400.000000
1400.000000
1400.000000
1400.000000
1400.000000
1400.000000
1400.000000
1400.000000
1400.000000
1400.000000
1400.000000
1400.000000
1400.000000
1400.000000
1400.000000
1400.000000
1400.000000
1400.000000
1400.000000
1400.000000
1400.000000
1400.000000
1400.000000
1400.000000
1400.000000
1400.000000
1400.000000
1400.000000
1400.000000
1400.000000
1400.000000
1400.000000
1400.000000
1400.000000
1400.000000
1400.000000
1400.000000
1400.000000
1400.000000
1400.000000
1400.000000
1400.000000
1400.000000
1400.000000
1400.000000
1400.000000
1400.000000
1400.000000
1400.000000
1400.000000
1400.000000
1400.000000
1400.000000
1400.000000
1400.000000
1400.000000
1400.000000
1400.000000
1400.000000
1400.000000
1400.000000
1400.000000
1400.000000
1400.000000
1400.000000
1400.000000
1400.000000
1400.000000
1400.000000
1400.000000
1400.000000
1400.000000
1400.000000
1400.000000
1400.000000
1400.000000
1400.000000
1400.000000
1400.000000
1400.000000
1400.000000
1400.000000
1400.000000
1400.000000
1400.000000
1400.000000
1400.000000
1400.000000
1400.000000
1400.000000
1400.000000
1400.000000
1400.000000
1400.000000
1400.000000
1400.000000
1400.000000
1400.000000
1400.000000
1400.000000
1400.000000
1400.000000
1400.000000
1400.000000
1400.000000
1400.000000
1400.000000
1400.000000
1400.000000
1400.000000
1400.000000
1400.000000
1400.000000
1400.000000
1400.000000
1400.000000
1400.000000
1400.000000
1400.000000
1400.000000
1400.000000
1400.000000
1400.000000
1400.000000
1400.000000
1400.000000
1400.000000
1400.000000
1400.000000
1400.000000
1400.000000
1400.000000
1400.000000
1400.000000
1400.000000
1400.000000
1400.000000
1400.000000
1400.000000
1400.000000
1400.000000
1400.000000
1400.000000
1400.000000
1400.000000
1400.000000
1400.000000
1400.000000
1400.000000
1400.000000
1400.000000
1400.000000
1400.000000
1400.000000
1400.000000
1400.000000
1400.000000
1400.000000
1400.000000
1400.000000
1400.000000
1400.000000
1400.000000
1400.000000
1400.000000
1400.000000
1400.000000
1400.000000
1400.000000
1400.000000
1400.000000
1400.000000
1400.000000
1400.000000
1400.000000
1400.000000
1400.000000
1400.000000
1400.000000
1400.000000
1400.000000
1400.000000
1400.000000
1400.000000
1400.000000
1400.000000
1400.000000
1400.000000
1400.000000
1400.000000
1400.000000
1400.000000
1400.000000
1400.000000
1400.000000
1400.000000
1400.000000
1400.000000
1400.000000
1400.000000
1400.000000
1400.000000
1400.000000
1400.000000
1400.000000
1400.000000
1400.000000
1400.000000
1400.000000
1400.000000
1400.000000
1400.000000
1400.000000
1400.000000
1400.000000
1400.000000
1400.000000
1400.000000
1400.000000
1400.000000
1400.000000
1400.000000
1400.000000
1400.000000
1400.000000
1400.000000
1400.000000
1400.000000
1400.000000
1400.000000
1400.000000
1400.000000
1400.000000
1400.000000
1400.000000
1400.000000
1400.000000
1400.000000
1400.000000
1400.000000
1400.000000
1400.000000
1400.000000
1400.000000
1400.000000
1400.000000
1400.000000
1400.000000
1400.000000
1400.000000
1400.000000
1400.000000
1400.000000
1400.000000
1400.000000
1400.000000
1400.000000
1400.000000
1400.000000
1400.000000
1400.000000
1400.000000
1400.000000
1400.000000
1400.000000
1400.000000
1400.000000
1400.000000
1400.000000
1400.000000
1400.000000
1400.000000
1400.000000
1400.000000
1400.000000
1400.000000
1400.000000
1400.000000
1400.000000
1400.000000
1400.000000
1400.000000
1400.000000
1400.000000
1400.000000
1400.000000
1400.000000
1400.000000
1400.000000
1400.000000
1400.000000
1400.000000
1400.000000
1400.000000
1400.000000
1400.000000
1400.000000
1400.000000
1400.000000
1400.000000
1400.000000
1400.000000
1400.000000
1400.000000
1400.000000
1400.000000
1400.000000
1400.000000
1400.000000
1400.000000
1400.000000
1400.000000
1400.000000
1400.000000
1400.000000
1400.000000
1400.000000
1400.000000
1400.000000
1400.000000
1400.000000
1400.000000
1400.000000
1400.000000
1400.000000
1400.000000
1400.000000
1400.000000
1400.000000
1400.000000
1400.000000
1400.000000
1400.000000
1400.000000
1400.000000
1400.000000
1400.000000
1400.000000
1400.000000
1400.000000
1400.000000
1400.000000
1400.000000
1400.000000
1400.000000
1400.000000
1400.000000
1400.000000
1400.000000
1400.000000
1400.000000
1400.000000
1400.000000
1400.000000
1400.000000
1400.000000
1400.000000
1400.000000
1400.000000
1400.000000
1400.000000
1400.000000
1400.000000
1400.000000
1400.000000
1400.000000
1400.000000
1400.000000
1400.000000
1400.000000
1400.000000
1400.000000
1400.000000
1400.000000
1400.000000
1400.000000
1400.000000
1400.000000
1400.000000
1400.000000
1400.000000
1400.000000
1400.000000
1400.000000
1400.000000
1400.000000
1400.000000
1400.000000
1400.000000
1400.000000
1400.000000
1400.000000
1400.000000
1400.000000
1400.000000
1400.000000
1400.000000
1400.000000
1400.000000
1400.000000
1400.000000
1400.000000
1400.000000
1400.000000
1400.000000
1400.000000
1400.000000
1400.000000
1400.000000
1400.000000
1400.000000
1400.000000
1400.000000
1400.000000
1400.000000
1400.000000
1400.000000
1400.000000
1400.000000
1400.000000
1400.000000
1400.000000
1400.000000
1400.000000
1400.000000
1400.000000
1400.000000
1400.000000
1400.000000
1400.000000
1400.000000
1400.000000
1400.000000
1400.000000
1400.000000
1400.000000
1400.000000
1400.000000
1400.000000
1400.000000
1400.000000
1400.000000
1400.000000
1400.000000
1400.000000
1400.000000
1400.000000
1400.000000
1400.000000
1400.000000
1400.000000
1400.000000
1400.000000
1400.000000
1400.000000
1400.000000
1400.000000
1400.000000
1400.000000
1400.000000
1400.000000
1400.000000
1400.000000
1400.000000
1400.000000
1400.000000
1400.000000
1400.000000
1400.000000
1400.000000
1400.000000
1400.000000
1400.000000
1400.000000
1400.000000
1400.000000
1400.000000
1400.000000
1400.000000
1400.000000
1400.000000
1400.000000
1400.000000
1400.000000
1400.000000
1400.000000
1400.000000
1400.000000
1400.000000
1400.000000
1400.000000
1400.000000
1400.000000
1400.000000
1400.000000
1400.000000
1400.000000
1400.000000
1400.000000
1400.000000
1400.000000
1400.000000
1400.000000
1400.000000
1400.000000
1400.000000
1400.000000
1400.000000
1400.000000
1400.000000
1400.000000
1400.000000
1400.000000
1400.000000
1400.000000
1400.000000
1400.000000
1400.000000
1400.000000
1400.000000
1400.000000
1400.000000
1400.000000
1400.000000
1400.000000
1400.000000
1400.000000
1400.000000
1400.000000
1400.000000
1400.000000
1400.000000
1400.000000
1400.000000
1400.000000
1400.000000
1400.000000
1400.000000
1400.000000
1400.000000
1400.000000
1400.000000
1400.000000
1400.000000
1400.000000
1400.000000
1400.000000
1400.000000
1400.000000
1400.000000
1400.000000
1400.000000
1400.000000
1400.000000
1400.000000
1400.000000
1400.000000
1400.000000
1400.000000
1400.000000
1400.000000
1400.000000
1400.000000
1400.000000
1400.000000
1400.000000
1400.000000
1400.000000
1400.000000
1400.000000
1400.000000
1400.000000
1400.000000
1400.000000
1400.000000
1400.000000
1400.000000
1400.000000
1400.000000
1400.000000
1400.000000
1400.000000
1400.000000
1400.000000
1400.000000
1400.000000
1400.000000
1400.000000
1400.000000
1400.000000
1400.000000
1400.000000
1400.000000
1400.000000
1400.000000
1400.000000
1400.000000
1400.000000
1400.000000
1400.000000
1400.000000
1400.000000
1400.000000
1400.000000
1400.000000
1400.000000
1400.000000
1400.000000
1400.000000
1400.000000
1400.000000
1400.000000
1400.000000
1400.000000
1400.000000
1400.000000
1400.000000
1400.000000
1400.000000
1400.000000
1400.000000
1400.000000
1400.000000
1400.000000
1400.000000
1400.000000
1400.000000
1400.000000
1400.000000
1400.000000
1400.000000
1400.000000
1400.000000
1400.000000
1400.000000
1400.000000
1400.000000
1400.000000
1400.000000
1400.000000
1400.000000
1400.000000
1400.000000
1400.000000
1400.000000
1400.000000
1400.000000
1400.000000
1400.000000
1400.000000
1400.000000
1400.000000
1400.000000
1400.000000
1400.000000
1400.000000
1400.000000
1400.000000
1400.000000
1400.000000
1400.000000
1400.000000
1400.000000
1400.000000
1400.000000
1400.000000
1400.000000
1400.000000
1400.000000
1400.000000
1400.000000
1400.000000
1400.000000
1400.000000
1400.000000
1400.000000
1400.000000
1400.000000
1400.000000
1400.000000
1400.000000
1400.000000
1400.000000
1400.000000
1400.000000
1400.000000
1400.000000
1400.000000
1400.000000
1400.000000
1400.000000
1400.000000
1400.000000
1400.000000
1400.000000
1400.000000
1400.000000
1400.000000
1400.000000
1400.000000
1400.000000
1400.000000
1400.000000
1400.000000
1400.000000
1400.000000
1400.000000
1400.000000
1400.000000
1400.000000
1400.000000
1400.000000
1400.000000
1400.000000
1400.000000
1400.000000
1400.000000
1400.000000
1400.000000
1400.000000
1400.000000
1400.000000
1400.000000
1400.000000
1400.000000
1400.000000
1400.000000
1400.000000
1400.000000
1400.000000
1400.000000
1400.000000
1400.000000
1400.000000
1400.000000
1400.000000
1400.000000
1400.000000
1400.000000
1400.000000
1400.000000
1400.000000
1400.000000
1400.000000
1400.000000
1400.000000
1400.000000
1400.000000
1400.000000
1400.000000
1400.000000
1400.000000
1400.000000
1400.000000
1400.000000
1400.000000
1400.000000
1400.000000
1400.000000
1400.000000
1400.000000
1400.000000
1400.000000
1400.000000
1400.000000
1400.000000
1400.000000
1400.000000
1400.000000
1400.000000
1400.000000
1400.000000
1400.000000
1400.000000
1400.000000
1400.000000
1400.000000
1400.000000
1400.000000
1400.000000
1400.000000
1400.000000
1400.000000
1400.000000
1400.000000
1400.000000
1400.000000
1400.000000
1400.000000
1400.000000
1400.000000
1400.000000
1400.000000
1400.000000
1400.000000
1400.000000
1400.000000
1400.000000
1400.000000
1400.000000
1400.000000
1400.000000
1400.000000
1400.000000
1400.000000
1400.000000
1400.000000
1400.000000
1400.000000
1400.000000
1400.000000
1400.000000
1400.000000
1400.000000
1400.000000
1400.000000
1400.000000
1400.000000
1400.000000
1400.000000
1400.000000
1400.000000
1400.000000
1400.000000
1400.000000
1400.000000
1400.000000
1400.000000
1400.000000
1400.000000
1400.000000
1400.000000
1400.000000
1400.000000
1400.000000
1400.000000
1400.000000
1400.000000
1400.000000
1400.000000
1400.000000
1400.000000
1400.000000
1400.000000
1400.000000
1400.000000
1400.000000
1400.000000
1400.000000
1400.000000
1400.000000
1400.000000
1400.000000
1400.000000
1400.000000
1400.000000
1400.000000
1400.000000
1400.000000
1400.000000
1400.000000
1400.000000
1400.000000
1400.000000
1400.000000
1400.000000
1400.000000
1400.000000
1400.000000
1400.000000
1400.000000
1400.000000
1400.000000
1400.000000
1400.000000
1400.000000
1400.000000
1400.000000
1400.000000
1400.000000
1400.000000
1400.000000
1400.000000
1400.000000
1400.000000
1400.000000
1400.000000
1400.000000
1400.000000
1400.000000
1400.000000
1400.000000
1400.000000
1400.000000
1400.000000
1400.000000
1400.000000
1400.000000
1400.000000
1400.000000
1400.000000
1400.000000
1400.000000
1400.000000
1400.000000
1400.000000
1400.000000
1400.000000
1400.000000
1400.000000
1400.000000
1400.000000
1400.000000
1400.000000
1400.000000
1400.000000
1400.000000
1400.000000
1400.000000
1400.000000
1400.000000
1400.000000
1400.000000
1400.000000
1400.000000
1400.000000
1400.000000
1400.000000
1400.000000
1400.000000
1400.000000
1400.000000
1400.000000
1400.000000
1400.000000
1400.000000
1400.000000
1400.000000
1400.000000
1400.000000
1400.000000
1400.000000
1400.000000
1400.000000
1400.000000
1400.000000
1400.000000
1400.000000
1400.000000
1400.000000
1400.000000
1400.000000
1400.000000
1400.000000
1400.000000
1400.000000
1400.000000
1400.000000
1400.000000
1400.000000
1400.000000
1400.000000
1400.000000
1400.000000
1400.000000
1400.000000
1400.000000
1400.000000
1400.000000
1400.000000
1400.000000
1400.000000
1400.000000
1400.000000
1400.000000
1400.000000
1400.000000
1400.000000
1400.000000
1400.000000
1400.000000
1400.000000
1400.000000
1400.000000
1400.000000
1400.000000
1400.000000
1400.000000
1400.000000
1400.000000
1400.000000
1400.000000
1400.000000
1400.000000
1400.000000
1400.000000
1400.000000
1400.000000
1400.000000
1400.000000
1400.000000
1400.000000
1400.000000
1400.000000
1400.000000
1400.000000
1400.000000
1400.000000
1400.000000
1400.000000
1400.000000
1400.000000
1400.000000
1400.000000
1400.000000
1400.000000
1400.000000
1400.000000
1400.000000
1400.000000
1400.000000
1400.000000
1400.000000
1400.000000
1400.000000
1400.000000
1400.000000
1400.000000
1400.000000
1400.000000
1400.000000
1400.000000
1400.000000
1400.000000
1400.000000
1400.000000
1400.000000
1400.000000
1400.000000
1400.000000
1400.000000
1400.000000
1400.000000
1400.000000
1400.000000
1400.000000
1400.000000
1400.000000
1400.000000
1400.000000
1400.000000
1400.000000
1400.000000
1400.000000
1400.000000
1400.000000
1400.000000
1400.000000
1400.000000
1400.000000
1400.000000
1400.000000
1400.000000
1400.000000
1400.000000
1400.000000
1400.000000
1400.000000
1400.000000
1400.000000
1400.000000
1400.000000
1400.000000
1400.000000
1400.000000
1400.000000
1400.000000
1400.000000
1400.000000
1400.000000
1400.000000
1400.000000
1400.000000
1400.000000
1400.000000
1400.000000
1400.000000
1400.000000
1400.000000
1400.000000
1400.000000
1400.000000
1400.000000
1400.000000
1400.000000
1400.000000
1400.000000
1400.000000
1400.000000
1400.000000
1400.000000
1400.000000
1400.000000
1400.000000
1400.000000
1400.000000
1400.000000
1400.000000
1400.000000
1400.000000
1400.000000
1400.000000
1400.000000
1400.000000
1400.000000
1400.000000
1400.000000
1400.000000
1400.000000
1400.000000
1400.000000
1400.000000
1400.000000
1400.000000
1400.000000
1400.000000
1400.000000
1400.000000
1400.000000
1400.000000
1400.000000
1400.000000
1400.000000
1400.000000
1400.000000
1400.000000
1400.000000
1400.000000
1400.000000
1400.000000
1400.000000
1400.000000
1400.000000
1400.000000
1400.000000
1400.000000
1400.000000
1400.000000
1400.000000
1400.000000
1400.000000
1400.000000
1400.000000
1400.000000
1400.000000
1400.000000
1400.000000
1400.000000
1400.000000
1400.000000
1400.000000
1400.000000
1400.000000
1400.000000
1400.000000
1400.000000
1400.000000
1400.000000
1400.000000
1400.000000
1400.000000
1400.000000
1400.000000
1400.000000
1400.000000
1400.000000
1400.000000
1400.000000
1400.000000
1400.000000
1400.000000
1400.000000
1400.000000
1400.000000
1400.000000
1400.000000
1400.000000
1400.000000
1400.000000
1400.000000
1400.000000
1400.000000
1400.000000
1400.000000
1400.000000
1400.000000
1400.000000
1400.000000
1400.000000
1400.000000
1400.000000
1400.000000
1400.000000
1400.000000
1400.000000
1400.000000
1400.000000
1400.000000
1400.000000
1400.000000
1400.000000
1400.000000
1400.000000
1400.000000
1400.000000
1400.000000
1400.000000
1400.000000
1400.000000
1400.000000
1400.000000
1400.000000
1400.000000
1400.000000
1400.000000
1400.000000
1400.000000
1400.000000
1400.000000
1400.000000
1400.000000
1400.000000
1400.000000
1400.000000
1400.000000
1400.000000
1400.000000
1400.000000
1400.000000
1400.000000
1400.000000
1400.000000
1400.000000
1400.000000
1400.000000
1400.000000
1400.000000
1400.000000
1400.000000
1400.000000
1400.000000
1400.000000
1400.000000
1400.000000
1400.000000
1400.000000
1400.000000
1400.000000
1400.000000
1400.000000
1400.000000
1400.000000
1400.000000
1400.000000
1400.000000
1400.000000
1400.000000
1400.000000
1400.000000
1400.000000
1400.000000
1400.000000
1400.000000
1400.000000
1400.000000
1400.000000
1400.000000
1400.000000
1400.000000
1400.000000
1400.000000
1400.000000
1400.000000
1400.000000
1400.000000
1400.000000
1400.000000
1400.000000
1400.000000
1400.000000
1400.000000
1400.000000
1400.000000
1400.000000
1400.000000
1400.000000
1400.000000
1400.000000
1400.000000
1400.000000
1400.000000
1400.000000
1400.000000
1400.000000
1400.000000
1400.000000
1400.000000
1400.000000
1400.000000
1400.000000
1400.000000
1400.000000
1400.000000
1400.000000
1400.000000
1400.000000
1400.000000
1400.000000
1400.000000
1400.000000
1400.000000
1400.000000
1400.000000
1400.000000
1400.000000
1400.000000
1400.000000
1400.000000
1400.000000
1400.000000
1400.000000
1400.000000
1400.000000
1400.000000
1400.000000
1400.000000
1400.000000
1400.000000
1400.000000
1400.000000
1400.000000
1400.000000
1400.000000
1400.000000
1400.000000
1400.000000
1400.000000
1400.000000
1400.000000
1400.000000
1400.000000
1400.000000
1400.000000
1400.000000
1400.000000
1400.000000
1400.000000
1400.000000
1400.000000
1400.000000
1400.000000
1400.000000
1400.000000
1400.000000
1400.000000
1400.000000
1400.000000
1400.000000
1400.000000
1400.000000
1400.000000
1400.000000
1400.000000
1400.000000
1400.000000
1400.000000
1400.000000
1400.000000
1400.000000
1400.000000
1400.000000
1400.000000
1400.000000
1400.000000
1400.000000
1400.000000
1400.000000
1400.000000
1400.000000
1400.000000
1400.000000
1400.000000
1400.000000
1400.000000
1400.000000
1400.000000
1400.000000
1400.000000
1400.000000
1400.000000
1400.000000
1400.000000
1400.000000
1400.000000
1400.000000
1400.000000
1400.000000
1400.000000
1400.000000
1400.000000
1400.000000
1400.000000
1400.000000
1400.000000
1400.000000
1400.000000
1400.000000
1400.000000
1400.000000
1400.000000
1400.000000
1400.000000
1400.000000
1400.000000
1400.000000
1400.000000
1400.000000
1400.000000
1400.000000
1400.000000
1400.000000
1400.000000
1400.000000
1400.000000
1400.000000
1400.000000
1400.000000
1400.000000
1400.000000
1400.000000
1400.000000
1400.000000
1400.000000
1400.000000
1400.000000
1400.000000
1400.000000
1400.000000
1400.000000
1400.000000
1400.000000
1400.000000
1400.000000
1400.000000
1400.000000
1400.000000
1400.000000
1400.000000
1400.000000
1400.000000
1400.000000
1400.000000
1400.000000
1400.000000
1400.000000
1400.000000
1400.000000
1400.000000
1400.000000
1400.000000
1400.000000
1400.000000
1400.000000
1400.000000
1400.000000
1400.000000
1400.000000
1400.000000
1400.000000
1400.000000
1400.000000
1400.000000
1400.000000
1400.000000
1400.000000
1400.000000
1400.000000
1400.000000
1400.000000
1400.000000
1400.000000
1400.000000
1400.000000
1400.000000
1400.000000
1400.000000
1400.000000
1400.000000
1400.000000
1400.000000
1400.000000
1400.000000
1400.000000
1400.000000
1400.000000
1400.000000
1400.000000
1400.000000
1400.000000
1400.000000
1400.000000
1400.000000
1400.000000
1400.000000
1400.000000
1400.000000
1400.000000
1400.000000
1400.000000
1400.000000
1400.000000
1400.000000
1400.000000
1400.000000
1400.000000
1400.000000
1400.000000
1400.000000
1400.000000
1400.000000
1400.000000
1400.000000
1400.000000
1400.000000
1400.000000
1400.000000
1400.000000
1400.000000
