1876.261353
1840.045044
1841.114502
3000.000000
1863.976074
1915.868774
1939.222900
3000.000000
3000.000000
1922.812622
1880.979492
3000.000000
3000.000000
3000.000000
3000.000000
3000.000000
3000.000000
1938.194824
3000.000000
3000.000000
1922.683105
3000.000000
3000.000000
3000.000000
1881.320801
3000.000000
3000.000000
3000.000000
3000.000000
3000.000000
3000.000000
3000.000000
3000.000000
3000.000000
3000.000000
3000.000000
3000.000000
3000.000000
3000.000000
3000.000000
3000.000000
3000.000000
2185.871582
1918.053223
3000.000000
3000.000000
3000.000000
3000.000000
3000.000000
3000.000000
2155.793701
3000.000000
3000.000000
3000.000000
3000.000000
3000.000000
3000.000000
3000.000000
3000.000000
1859.535767
1840.880493
3000.000000
1843.517456
1851.073730
1872.943237
1812.335205
1852.815063
3000.000000
3000.000000
3000.000000
3000.000000
1893.670044
1852.347046
3000.000000
3000.000000
3000.000000
3000.000000
3000.000000
3000.000000
3000.000000
1940.238647
1846.106567
1722.035767
1587.200195
1510.278320
1465.759766
1447.182007
1423.248779
1409.986572
1409.134766
1413.376343
1412.959961
1412.957642
1447.036865
1452.611450
1429.038086
1459.213379
1553.663940
1757.297852
3000.000000
1837.815308
1713.686646
1609.399780
1541.723145
1498.963623
1465.276489
1445.010132
1438.488647
1402.213989
1400.000000
1402.874268
1400.097168
1400.000000
1400.000000
1400.000000
1400.000000
1400.000000
1400.000000
1400.000000
1400.000000
1400.000000
1400.000000
1400.000000
1400.000000
1400.000000
1400.000000
1400.000000
1400.000000
1400.000000
1400.000000
1400.000000
1410.412476
1409.277588
1419.373047
1440.597168
1464.497559
1503.896118
1528.421387
1551.359131
1574.969482
1602.151123
1627.009033
1637.963135
1660.206665
1660.759644
1725.856079
1803.609863
1918.121338
2531.069580
2862.214844
3000.000000
3000.000000
3000.000000
2152.990967
2653.252930
3000.000000
3000.000000
3000.000000
2236.907471
2612.668213
3000.000000
3000.000000
3000.000000
3000.000000
3000.000000
2388.210449
2031.241943
1866.695435
1875.311401
3000.000000
3000.000000
3000.000000
3000.000000
2383.652344
3000.000000
3000.000000
3000.000000
2117.446533
1814.580078
1730.430542
1649.479858
1648.827881
1621.864868
1589.656006
1553.160522
1499.280762
1475.247681
1467.753540
1471.762329
1471.528442
1471.589233
1461.181763
1454.298462
1451.511841
1440.914673
1435.835815
1437.825806
1431.388916
1436.246826
1433.855835
1431.766357
1427.931519
1428.556152
1429.388184
1430.292969
1440.624268
1446.768799
1435.511719
1462.281616
1451.022217
1459.392212
1445.476074
1454.641235
1531.705811
1547.854980
1548.314575
1653.915039
1770.797241
1886.275391
2391.258057
2381.069580
2835.055176
3000.000000
3000.000000
1950.755249
2241.696777
2525.918945
3000.000000
3000.000000
3000.000000
3000.000000
1894.733765
1834.723999
1842.183228
1891.868408
1849.962524
1728.278076
1598.074829
1499.869141
1492.726929
1467.382935
1454.599976
1437.644043
1423.781250
1409.323364
1400.000000
1400.000000
1400.000000
1400.000000
1400.000000
1400.000000
1400.000000
1400.000000
1400.000000
1400.000000
1400.000000
1400.000000
1400.000000
1400.000000
1400.000000
1400.000000
1400.000000
1414.454956
1404.429688
1433.071777
1547.159546
1775.900146
1871.525024
1628.164795
1522.369263
1477.706665
1457.656128
1443.285278
1439.837036
1436.608276
1421.926392
1428.035278
1435.951660
1412.019287
1400.000000
1400.000000
1400.000000
3000.000000
1400.000000
1400.000000
1400.000000
1400.000000
1400.000000
1400.000000
1400.000000
1400.000000
1400.000000
1403.731323
1403.458862
1405.241943
1401.600830
1401.346680
1400.000000
1414.028198
1413.811035
1400.000000
1407.553101
1433.328003
1478.972778
1555.906250
1757.010132
1854.007812
1565.090942
1464.574585
1430.812256
1427.699219
1414.877319
1414.274048
1414.227539
1413.197021
1411.158813
1421.271362
1411.665771
1405.128052
1400.215210
1400.000000
1400.000000
1400.000000
3000.000000
3000.000000
3000.000000
3000.000000
1400.000000
1400.000000
1400.000000
1400.000000
1400.000000
1402.198120
1486.453857
1776.657837
3000.000000
1818.261230
1747.892212
1736.597412
1632.746460
1616.139893
1548.480103
1498.702148
1489.608887
1503.427490
1500.665527
1468.224365
1456.393433
1446.546875
1455.465942
1443.573242
1442.854980
1439.563843
1438.464111
1433.375854
1436.691162
1444.687622
1472.175415
1478.598022
1443.891724
1431.023682
1428.032471
1414.878418
1426.637695
1430.420044
1439.965210
1446.907227
1461.971069
1464.043579
1470.061035
1451.636353
1439.834961
1428.226929
1414.351929
1426.307739
1442.254883
1442.566650
1450.776855
1450.109863
1451.218506
1459.187256
1444.512451
1427.948608
1432.571411
1431.046265
1431.829590
1445.272827
1451.643799
1457.387329
1477.408936
1538.935181
1613.179443
1684.954590
1718.308716
1694.781494
1716.008179
1754.124756
1737.715576
1730.247803
1700.547607
1723.028687
1813.076782
2448.576416
2145.020752
3000.000000
3000.000000
3000.000000
2064.732178
1873.580200
2012.667114
3000.000000
3000.000000
2079.427002
3000.000000
3000.000000
3000.000000
2002.275391
2732.337158
3000.000000
2505.169189
3000.000000
3000.000000
3000.000000
3000.000000
3000.000000
3000.000000
3000.000000
3000.000000
3000.000000
1995.592773
1846.208252
1789.564087
1758.409424
1769.301636
1765.260376
1729.422119
1698.843750
1652.320679
1640.940552
1625.735229
1598.392456
1583.711426
1598.083862
1586.384888
1570.259521
1577.634521
1645.725342
1787.151855
2702.002930
1882.123657
1873.111816
1842.276001
1786.531616
1668.655518
1628.728638
1572.811279
1553.993530
1534.067505
1514.186279
1529.338745
1578.243652
1642.879761
1776.812012
1862.952637
3000.000000
1880.101074
1871.878174
1838.424316
1760.421631
1673.365601
1626.090454
1618.545410
1606.477783
1566.378540
1570.098511
1568.170410
1572.383179
1534.938965
1514.661499
1489.191406
1481.851685
1489.948364
1485.290894
1496.054199
1505.036865
1506.964111
1499.599976
1497.085205
1485.938232
1496.213745
1551.271240
1566.232300
1668.489258
1825.577148
2941.625000
2090.071777
1765.011475
1693.522949
1676.950684
1684.822510
1667.244629
1639.415039
1603.531372
1575.028442
1550.448486
1536.377930
1525.799194
1500.185669
1492.431274
1507.991455
1560.960083
1633.416138
1773.424316
1865.332886
3000.000000
3000.000000
1991.292358
1799.126831
1740.250732
1651.209961
1659.306885
1605.734253
1596.404907
1565.626221
1564.384766
1545.540283
1534.180786
1523.562988
1513.253174
1505.216309
1493.109741
1501.815674
1497.713379
1477.242676
1476.226074
1479.636597
1475.582153
1491.600342
1526.442017
1596.762451
1668.437134
1739.441528
1829.005737
2296.654297
1942.772461
1802.632812
1793.772949
1836.943970
1781.002197
1692.309570
1655.954102
1565.864502
1532.497803
1503.872192
1521.405518
1545.959595
1518.315552
1511.642944
1504.788696
1557.958862
1524.036133
1574.025391
1690.649170
1856.709839
2115.166748
1812.135498
1705.501587
1673.226074
1643.008911
1631.869751
1631.136719
1615.102295
1589.710938
1558.361450
1526.306641
1508.084961
1507.723877
1511.180420
1498.412598
1503.722900
1508.724854
1512.341919
1492.817749
1477.407837
1460.284424
1460.081421
1472.269653
1491.096069
1499.718872
1559.039673
1625.317017
1704.312744
1817.784302
3000.000000
2609.873291
1833.015503
1764.789307
1697.601318
1665.804565
1610.820312
1592.423828
1558.415527
1554.510742
1567.376099
1605.912720
1609.374634
1762.337646
2958.331299
2639.045898
1828.213013
1744.768799
1692.762329
1644.864258
1614.849731
1606.901489
1644.331299
1598.238281
1590.049561
1583.544312
1589.740601
1648.249268
1803.629517
2261.544189
3000.000000
3000.000000
1840.467285
1805.385864
1747.762939
1650.799927
1589.226074
1582.034302
1565.162720
1567.629517
1574.670654
1645.571777
1773.108887
1850.419312
3000.000000
1859.629639
1850.975830
1844.389160
1811.982178
1745.445435
1706.358154
1694.876709
1639.714722
1591.469849
1567.392212
1544.684570
1537.795776
1526.215454
1493.922485
1496.357422
1492.128662
1500.808228
1500.411011
1502.562622
1495.525146
1482.922119
1485.971924
1471.645874
1471.802734
1478.822998
1512.874146
1599.424072
1805.338867
3000.000000
3000.000000
1837.933838
1769.554688
1707.577148
1678.846191
1683.392212
1700.669922
1682.450806
1618.023682
1601.083130
1585.171875
1587.649658
1653.969849
1796.704102
3000.000000
1837.525024
1810.635376
1796.963379
1783.104614
1697.701050
1619.018555
1583.923462
1567.469971
1574.372437
1564.036377
1566.345337
1572.821533
1629.413818
1677.976196
1769.987061
1843.588867
1863.327515
3000.000000
1909.645752
1810.771973
1706.917847
1644.742676
1589.097046
1548.734497
1542.451050
1532.773193
1537.600586
1536.868408
1536.770630
1560.587769
1653.430054
1787.598022
1858.078491
3000.000000
2202.041992
1788.044922
1645.676514
1628.114868
1596.069458
1600.348145
1616.304321
1609.627930
1598.111328
1558.988037
1513.115601
1472.198730
1453.728882
1416.867432
1416.103516
1417.719849
1403.856812
1400.000000
1407.533936
1415.395508
1413.088867
1409.470093
1404.705078
1400.000000
1400.000000
1400.000000
1400.000000
1400.000000
1400.000000
1400.000000
1400.000000
1400.000000
1410.161133
1408.356079
1401.480835
1401.116089
1400.000000
1400.000000
1400.000000
1400.000000
1400.000000
1415.722168
1471.956543
1631.240723
3000.000000
1644.038208
1478.321289
1431.461426
1415.697021
1405.670288
1410.175171
1419.066162
1427.823364
1443.823120
1467.461914
1508.036377
1499.332520
1511.507324
1534.380127
1548.351562
1541.521606
1546.428345
1543.858643
1557.788330
1581.069580
1617.070801
1659.172363
1699.311035
1795.813721
1903.484741
3000.000000
3000.000000
2168.379150
2140.625732
3000.000000
2591.076172
2529.592529
3000.000000
3000.000000
2026.161011
2670.485352
3000.000000
3000.000000
3000.000000
3000.000000
3000.000000
3000.000000
3000.000000
3000.000000
3000.000000
3000.000000
3000.000000
3000.000000
3000.000000
3000.000000
3000.000000
3000.000000
3000.000000
3000.000000
3000.000000
3000.000000
3000.000000
3000.000000
3000.000000
3000.000000
3000.000000
3000.000000
3000.000000
3000.000000
3000.000000
3000.000000
1839.850464
1652.463623
1574.638672
1506.235840
1461.016968
1418.999878
1407.946899
1400.000000
1400.000000
1400.000000
1400.000000
1405.816895
1418.692627
1432.184204
1449.336914
1460.438232
1489.607178
1507.389282
1530.483887
1559.166016
1580.938477
1593.478394
1623.603394
1661.797119
1660.502563
1686.659424
1696.799316
1784.664062
1862.407715
3000.000000
2628.215576
1981.242798
1854.530151
1879.504272
2948.433594
3000.000000
2048.716797
1886.664307
3000.000000
3000.000000
3000.000000
1870.694336
1849.801636
3000.000000
2017.146606
3000.000000
2085.626465
1878.327637
2377.626709
3000.000000
3000.000000
3000.000000
3000.000000
3000.000000
3000.000000
3000.000000
3000.000000
3000.000000
3000.000000
3000.000000
3000.000000
2103.669189
2696.318848
3000.000000
3000.000000
3000.000000
3000.000000
3000.000000
3000.000000
2339.942383
1791.162964
1683.647583
1595.043701
1495.241577
1460.982910
1437.862671
1414.635498
1400.000000
1400.000000
1400.000000
1400.000000
1400.000000
1400.000000
1402.524048
1408.793945
1410.416870
1419.091431
1410.070068
1417.033325
1405.291870
1400.000000
3000.000000
3000.000000
3000.000000
3000.000000
3000.000000
3000.000000
3000.000000
3000.000000
3000.000000
3000.000000
3000.000000
3000.000000
3000.000000
3000.000000
3000.000000
3000.000000
3000.000000
1400.000000
1400.000000
1400.000000
1400.000000
1435.256348
1400.000000
1476.134888
3000.000000
1520.384521
1494.084595
1408.770630
1429.767334
1443.227783
1466.085693
1470.761230
1483.684692
1470.676880
1439.745850
1431.672729
1414.720947
1413.410767
1410.126465
1422.197632
1427.350464
1446.561523
1493.172119
1561.815552
1667.631348
1777.773560
1852.641846
1837.452148
1834.321411
1801.632690
1778.653076
1758.021973
1741.030029
1766.565063
1835.478516
1871.205444
2271.997803
3000.000000
3000.000000
2848.603516
3000.000000
3000.000000
3000.000000
3000.000000
3000.000000
3000.000000
2782.092529
3000.000000
3000.000000
3000.000000
3000.000000
2858.298340
3000.000000
3000.000000
2089.945312
1851.591187
1808.880127
1722.296753
1608.087402
1528.675659
1455.086914
1439.323120
1423.944946
1402.040283
1400.000000
1400.000000
1410.121216
1593.068237
3000.000000
1664.879883
1490.217651
1439.038574
1438.439453
1413.342651
1431.666748
1439.067383
1448.866211
1460.203857
1457.994507
1436.317993
1418.317383
1400.000000
1400.000000
3000.000000
3000.000000
1400.000000
1400.000000
1400.000000
1400.000000
1400.000000
1400.000000
1460.594727
1618.999390
1677.224487
3000.000000
1715.393799
1607.799316
1575.986084
1558.249512
1562.886597
1517.703003
1474.045898
1470.423828
1467.868286
1488.695557
1517.750977
1576.963745
1723.767334
3000.000000
3000.000000
1853.465942
1648.234741
1528.096924
1462.886475
1437.148804
1423.784180
1420.513306
1413.674927
1425.692627
1414.710449
1428.540161
1490.125000
3000.000000
3000.000000
1691.106201
3000.000000
1730.837402
1560.220093
1494.685913
1459.672607
1460.319824
1479.070801
1576.740112
1838.865723
1842.034424
1644.386963
1555.570068
1526.698730
1489.740112
1480.499390
1444.489746
1431.971924
1423.034058
1415.838745
1403.207764
1400.000000
1400.000000
1400.000000
1400.000000
1400.000000
1400.000000
1400.335449
1400.000000
1400.000000
1404.777100
1431.540894
1475.489990
1484.745605
1534.538208
1652.211548
1805.966675
1833.031616
1854.315674
1804.323364
1675.820190
1533.516479
1543.248047
1459.942749
1426.154297
1416.993164
1405.948853
1400.000000
1400.703735
1418.737671
1401.914673
1415.884766
1415.289429
1416.890259
1414.998291
1415.212402
1404.507324
3000.000000
1400.000000
1400.000000
1400.000000
1400.000000
1400.000000
1400.000000
1417.420044
1467.378418
1568.937866
1806.220093
1808.557983
1536.530273
1440.739258
3000.000000
3000.000000
3000.000000
1400.000000
1400.000000
1400.000000
1400.000000
1400.000000
1400.000000
1412.313965
1448.813965
1457.832153
1434.202271
1423.919189
1413.810791
3000.000000
3000.000000
3000.000000
3000.000000
1400.000000
1400.000000
1400.000000
1400.000000
1400.000000
1400.000000
1400.000000
1400.000000
1400.000000
1400.000000
1400.000000
1418.816040
1444.674561
1488.942383
1556.342163
1494.107056
1444.543823
1414.314087
1400.656982
3000.000000
3000.000000
3000.000000
3000.000000
3000.000000
3000.000000
1400.000000
1400.000000
1400.000000
1400.000000
1400.000000
1417.901001
1563.264771
1818.930176
1473.341309
1433.725586
1400.000000
1402.455933
1400.000000
1401.015625
1429.792969
1461.498169
1465.140015
1447.898071
1433.275513
1426.720337
1400.260864
1400.000000
3000.000000
3000.000000
1400.000000
3000.000000
1400.000000
1400.000000
1400.000000
1400.000000
1400.000000
1400.000000
1422.765137
1423.923462
1434.851196
1422.826660
1418.110474
1401.256714
1400.000000
1400.000000
1400.000000
3000.000000
1400.000000
1400.000000
1400.000000
1400.000000
1400.000000
1403.758911
1415.274414
1426.888916
1462.328735
1450.837524
1469.692749
1530.159790
1630.431641
1829.005615
1980.940918
1673.760620
1554.012573
1485.262329
1448.552368
1429.664429
1415.212402
1406.599731
1400.000000
1400.000000
1403.146240
1400.000000
1400.000000
1400.000000
1400.000000
1400.000000
1400.000000
1400.539673
1420.669312
1473.738525
1524.751343
1585.278564
1656.426514
1721.921265
1683.935303
1604.273682
1533.290161
1483.310181
1449.281860
1422.430176
1400.000000
1400.000000
1400.000000
1400.000000
1407.758789
1403.654663
1416.030029
1427.484619
1442.437500
1458.535645
1469.466675
1464.074219
1461.906982
1461.422363
1470.305298
1534.995239
1591.502197
1554.335083
1634.644165
1767.988525
1797.523926
1838.579224
1885.936035
1882.977661
1914.373291
1834.564941
1825.589478
1807.346313
1850.816040
3000.000000
3000.000000
3000.000000
3000.000000
2690.685791
3000.000000
3000.000000
3000.000000
3000.000000
3000.000000
1998.309937
3000.000000
3000.000000
3000.000000
3000.000000
2804.510498
3000.000000
3000.000000
2456.638672
1851.848633
2109.565918
3000.000000
3000.000000
2205.633545
3000.000000
3000.000000
3000.000000
3000.000000
3000.000000
3000.000000
3000.000000
3000.000000
3000.000000
3000.000000
3000.000000
2037.351929
2647.010010
1947.601318
3000.000000
3000.000000
3000.000000
3000.000000
3000.000000
3000.000000
3000.000000
3000.000000
3000.000000
1910.982910
3000.000000
3000.000000
3000.000000
3000.000000
3000.000000
3000.000000
2377.268555
1922.608398
1877.364624
3000.000000
3000.000000
3000.000000
3000.000000
2471.669922
3000.000000
3000.000000
2664.658936
3000.000000
3000.000000
3000.000000
3000.000000
3000.000000
2616.762451
3000.000000
3000.000000
3000.000000
3000.000000
3000.000000
3000.000000
3000.000000
3000.000000
3000.000000
3000.000000
3000.000000
3000.000000
3000.000000
3000.000000
1938.675781
3000.000000
3000.000000
3000.000000
2537.875000
3000.000000
3000.000000
3000.000000
3000.000000
3000.000000
3000.000000
3000.000000
3000.000000
3000.000000
3000.000000
3000.000000
3000.000000
2077.825684
3000.000000
3000.000000
3000.000000
3000.000000
3000.000000
3000.000000
3000.000000
3000.000000
3000.000000
3000.000000
3000.000000
3000.000000
3000.000000
3000.000000
3000.000000
3000.000000
3000.000000
3000.000000
2169.309326
1764.707153
1626.049561
1537.238647
1475.046143
1459.373535
1436.588501
1424.394775
1403.602783
1400.000000
1400.000000
1400.000000
1400.000000
1400.000000
1400.000000
1400.000000
1400.000000
1400.000000
1400.000000
1400.000000
1400.000000
1400.000000
1400.000000
1400.000000
1400.000000
1400.000000
1400.000000
1400.000000
1400.000000
1400.000000
1400.000000
1400.000000
1408.712524
1404.738281
1406.677002
1414.321045
1445.975708
1512.892212
1641.330200
1952.255127
1775.123901
1543.977173
1488.453125
1459.624146
1437.068481
1431.307617
1429.815063
1457.104858
1437.707275
1426.615356
1414.491211
1400.000000
1400.000000
1400.000000
3000.000000
1400.000000
1400.000000
1400.000000
1400.000000
1400.000000
1400.000000
1400.000000
1403.253052
1416.127197
1443.671387
1472.276367
1481.423340
1570.187866
1754.965088
1888.377808
1711.501953
1613.913452
1558.935059
1517.755493
1476.945801
1445.149170
1427.986450
1424.857056
1414.321045
1400.036621
1400.000000
1400.000000
1400.000000
1400.000000
1400.000000
1400.000000
1400.000000
1400.000000
1400.000000
1400.000000
1400.000000
1400.000000
1400.000000
1400.000000
1400.000000
1400.000000
1400.000000
1400.000000
1400.000000
1400.000000
1400.000000
1400.000000
1400.000000
1417.609985
1461.070557
1543.622803
1667.868408
1772.874756
1810.520508
1829.685059
1835.207642
1847.473267
1854.483276
1869.750732
1864.505371
1856.508423
1854.540771
1873.050049
3000.000000
3000.000000
3000.000000
3000.000000
3000.000000
3000.000000
2535.774170
3000.000000
3000.000000
3000.000000
3000.000000
3000.000000
3000.000000
2804.350586
2643.857422
3000.000000
2566.802979
3000.000000
3000.000000
3000.000000
1959.224243
2683.222168
3000.000000
3000.000000
3000.000000
3000.000000
3000.000000
3000.000000
3000.000000
3000.000000
3000.000000
1981.799194
3000.000000
3000.000000
3000.000000
3000.000000
3000.000000
3000.000000
3000.000000
3000.000000
3000.000000
3000.000000
3000.000000
2327.312256
3000.000000
3000.000000
3000.000000
3000.000000
3000.000000
3000.000000
1846.439819
1728.439087
1608.737305
1544.683716
1489.809692
1460.581299
1443.818115
1424.735107
1415.118286
1412.411133
1411.312866
1407.092529
1412.214722
1408.399780
1419.317139
1410.613770
1402.262817
1400.000000
1403.497192
1400.000000
1400.000000
1400.000000
1400.000000
1400.000000
1400.000000
1400.000000
1400.000000
1400.000000
1401.103394
1426.714111
1439.579468
1448.866455
1463.618408
1495.219238
1513.503052
1509.538574
1557.103027
1644.872681
1783.373169
1805.799194
1771.306274
1750.878052
1723.054321
1718.558350
1770.375610
1864.215942
1921.618652
3000.000000
3000.000000
2528.794922
2123.626465
2078.775635
2261.495605
3000.000000
3000.000000
3000.000000
3000.000000
3000.000000
3000.000000
3000.000000
3000.000000
3000.000000
3000.000000
3000.000000
3000.000000
3000.000000
3000.000000
3000.000000
3000.000000
3000.000000
3000.000000
3000.000000
3000.000000
3000.000000
3000.000000
1946.118652
1869.788208
3000.000000
3000.000000
3000.000000
1907.403442
1705.949219
1647.904419
1568.679810
1478.369873
1466.029541
1428.047974
1411.641479
1400.000000
1400.000000
1400.000000
1400.000000
1400.000000
1405.390015
1420.273682
1427.022827
1425.671509
1412.486450
1400.000000
1400.000000
1400.000000
3000.000000
3000.000000
3000.000000
3000.000000
3000.000000
3000.000000
1400.000000
1400.000000
1400.000000
1400.000000
1400.000000
1400.000000
1400.000000
1400.000000
1412.775391
1471.651489
1559.273804
1699.176636
1795.581543
1866.697632
3000.000000
3000.000000
3000.000000
3000.000000
3000.000000
3000.000000
3000.000000
3000.000000
3000.000000
3000.000000
3000.000000
3000.000000
3000.000000
3000.000000
1846.164429
1846.475952
2329.937012
3000.000000
3000.000000
3000.000000
3000.000000
3000.000000
3000.000000
3000.000000
3000.000000
3000.000000
3000.000000
3000.000000
3000.000000
3000.000000
3000.000000
3000.000000
3000.000000
3000.000000
3000.000000
3000.000000
2108.925781
3000.000000
3000.000000
3000.000000
3000.000000
3000.000000
3000.000000
3000.000000
1846.477783
1804.457031
1782.752075
1718.786743
1645.105957
1639.354980
1604.149292
1574.260620
1524.240479
1488.112305
1460.878784
1454.471436
1459.162598
1461.234497
1465.294922
1465.272949
1478.980835
1470.761230
1466.080444
1451.457642
1441.134277
1429.922974
1429.063477
1432.273682
1432.082520
1440.320557
1445.483398
1456.036865
1458.107300
1459.734009
1454.071411
1439.389648
1444.094604
1438.652588
1443.481567
1444.769897
1441.359131
1437.201538
1429.874634
1423.323853
1431.592896
1439.202271
1450.992676
1452.531738
1464.108521
1472.262329
1485.464844
1508.283325
1540.454956
1577.437866
1664.151367
1715.313232
1752.249390
1768.890747
1761.326172
1823.479858
1825.020020
1809.453613
1806.049194
1834.115479
1860.517090
2240.888428
3000.000000
2712.036377
1862.304199
1856.906250
1919.006104
3000.000000
3000.000000
2005.739258
2950.767090
3000.000000
3000.000000
3000.000000
3000.000000
3000.000000
3000.000000
3000.000000
2681.396973
3000.000000
3000.000000
3000.000000
2811.219727
3000.000000
3000.000000
3000.000000
3000.000000
3000.000000
2525.568604
2285.607666
3000.000000
2570.191406
2013.024292
3000.000000
1928.221069
1860.823608
1827.190186
1807.090820
1778.886353
1796.751343
1805.239868
1768.138184
1747.150879
1722.370850
1718.107788
1709.084106
1724.539185
1735.593018
1747.742188
1776.055908
1788.239380
1771.421875
1795.980591
1771.673096
1772.330078
1771.327881
1773.530151
1817.650391
1853.764526
1852.909302
1810.867676
1819.638184
1776.745483
1734.924927
1740.095581
1730.826660
1725.517090
1721.513916
1766.016602
1789.870728
1803.321411
1797.773560
1752.822998
1689.085327
1638.780762
1639.043457
1627.016724
1647.264648
1677.056274
1735.230713
1794.262695
1863.277222
1833.835571
1797.131348
1770.921753
1706.349731
1668.687378
1679.412964
1694.909546
1720.822388
1701.193848
1723.328125
1735.958130
1761.285522
1678.823486
1665.414673
1665.567993
1693.654053
1729.968384
1827.685425
1839.716309
1826.048706
1769.329224
1710.414551
1671.361572
1658.915771
1690.501221
1759.695435
1818.752197
1838.633057
1835.649536
1767.832275
1721.060669
1690.585449
1700.656128
1694.675415
1722.811523
1751.438477
1809.338989
1825.832520
1856.765381
1942.717041
1902.386353
1836.460327
1740.906250
1662.514893
1640.623169
1600.056885
1586.173950
1585.978516
1564.119873
1566.228760
1567.343872
1609.567627
1578.824585
1535.245850
1515.483398
1512.859375
1508.098755
1514.800659
1558.165405
3000.000000
3000.000000
3000.000000
3000.000000
3000.000000
1859.962524
1841.595825
1579.176147
1484.426880
1433.454834
3000.000000
3000.000000
3000.000000
3000.000000
1400.000000
1400.000000
1400.000000
1400.000000
1400.000000
1400.000000
1400.000000
1400.000000
1418.491211
1436.944092
1451.276001
1454.727783
1468.978027
1470.888306
1478.811279
1532.550903
1620.195557
1819.842407
2018.192383
1652.234497
1533.178711
1477.970093
1457.108154
1445.837769
1431.239014
1429.737061
1417.050415
1417.217285
1441.203125
1497.217041
1635.945801
1887.986450
1759.743408
1556.313477
1482.541016
1453.176880
1448.328613
1446.923828
1454.496094
1466.071533
1467.894165
1449.049438
1434.445679
1413.208618
1400.000000
1400.000000
3000.000000
3000.000000
3000.000000
3000.000000
3000.000000
3000.000000
3000.000000
3000.000000
3000.000000
1400.000000
1400.000000
1400.000000
1400.000000
1400.000000
1407.262939
1405.091553
1432.348145
1477.902100
1490.593140
1525.164429
1567.009521
1595.967407
1638.527954
1690.059448
1638.062622
1667.905396
1676.496094
1724.990356
1730.122070
1730.545776
1703.732666
1725.346802
1780.397949
1829.840332
1848.444824
1854.311890
2415.804932
3000.000000
3000.000000
3000.000000
3000.000000
3000.000000
3000.000000
3000.000000
3000.000000
3000.000000
3000.000000
3000.000000
3000.000000
3000.000000
3000.000000
3000.000000
3000.000000
3000.000000
3000.000000
3000.000000
3000.000000
3000.000000
3000.000000
3000.000000
3000.000000
3000.000000
3000.000000
2122.952148
2253.780762
3000.000000
3000.000000
3000.000000
3000.000000
3000.000000
3000.000000
2912.796631
2816.579102
3000.000000
3000.000000
3000.000000
3000.000000
3000.000000
3000.000000
3000.000000
3000.000000
3000.000000
3000.000000
3000.000000
3000.000000
1937.995239
3000.000000
3000.000000
3000.000000
3000.000000
3000.000000
3000.000000
3000.000000
3000.000000
3000.000000
1906.538818
3000.000000
3000.000000
3000.000000
3000.000000
3000.000000
3000.000000
3000.000000
3000.000000
3000.000000
3000.000000
3000.000000
3000.000000
2166.257812
3000.000000
3000.000000
3000.000000
3000.000000
3000.000000
3000.000000
3000.000000
3000.000000
3000.000000
3000.000000
3000.000000
3000.000000
3000.000000
1928.421021
3000.000000
3000.000000
3000.000000
3000.000000
3000.000000
3000.000000
3000.000000
3000.000000
3000.000000
3000.000000
3000.000000
3000.000000
3000.000000
3000.000000
3000.000000
3000.000000
3000.000000
3000.000000
3000.000000
3000.000000
3000.000000
3000.000000
3000.000000
3000.000000
3000.000000
3000.000000
3000.000000
3000.000000
2473.497070
3000.000000
3000.000000
3000.000000
3000.000000
3000.000000
3000.000000
3000.000000
3000.000000
1905.454834
2515.083984
3000.000000
3000.000000
3000.000000
3000.000000
3000.000000
3000.000000
3000.000000
3000.000000
3000.000000
3000.000000
3000.000000
1907.156738
3000.000000
3000.000000
1849.693237
1865.569702
2284.569824
1965.715454
3000.000000
3000.000000
3000.000000
3000.000000
3000.000000
3000.000000
2945.291748
3000.000000
3000.000000
3000.000000
3000.000000
3000.000000
3000.000000
3000.000000
3000.000000
3000.000000
1915.018433
3000.000000
3000.000000
3000.000000
3000.000000
3000.000000
2039.467285
2417.342285
3000.000000
3000.000000
3000.000000
3000.000000
3000.000000
2130.958252
3000.000000
3000.000000
1943.643921
2235.269531
3000.000000
3000.000000
3000.000000
3000.000000
3000.000000
3000.000000
3000.000000
3000.000000
3000.000000
3000.000000
3000.000000
3000.000000
3000.000000
3000.000000
3000.000000
3000.000000
3000.000000
2069.437744
2031.108887
2825.370850
3000.000000
3000.000000
3000.000000
3000.000000
3000.000000
3000.000000
3000.000000
3000.000000
3000.000000
2274.128174
3000.000000
3000.000000
1991.526489
1853.706665
1829.008057
1808.477173
1761.764648
1700.073730
1676.326904
1668.560669
1661.371216
1667.002808
1650.591919
1644.037964
1644.247192
1634.816040
1615.797607
1594.538330
1571.474365
1560.715820
1568.855835
1593.776978
1694.343750
1765.169922
1862.761475
2958.817627
3000.000000
3000.000000
3000.000000
3000.000000
3000.000000
1697.523071
1564.007812
1498.245605
3000.000000
3000.000000
3000.000000
3000.000000
3000.000000
3000.000000
1425.706299
1402.901489
1400.000000
1400.000000
1400.000000
1400.720459
1400.000000
1420.830322
1459.275146
1568.013550
1782.447510
3000.000000
1844.926514
1707.509766
1643.625488
1677.711060
1713.494263
1733.908203
1738.782471
1681.499268
1650.958374
1599.349609
1513.042603
3000.000000
3000.000000
1486.114746
1461.443359
1445.327759
1438.009888
1437.408691
1439.980835
1467.731201
1496.106934
1501.119507
1529.973755
1533.601440
1531.394043
1522.561279
1505.078979
1481.433716
1469.515991
1467.827515
1460.109253
1469.325073
1470.259644
1485.669434
1499.853882
1512.140503
1510.776733
1483.804810
1493.683716
1492.724731
1488.214478
1489.338379
1485.059570
1482.445801
1470.788330
1470.523438
1465.992432
1478.622925
1486.305054
1500.948853
1503.883545
1491.379150
1482.354980
1485.808472
1474.231079
1467.647827
1475.813110
1478.887695
1487.275146
1489.819824
1495.773071
1501.812012
1497.000977
1494.408203
1479.081055
1463.368408
1456.083618
1462.957153
1468.989746
1479.316284
1488.584351
1502.610840
1486.867798
1501.383789
1503.308472
1492.357300
1490.838501
1484.509399
1482.187012
1477.165771
1478.727417
1493.782593
1506.006470
1518.334961
1568.080078
1650.412598
1765.002930
1835.855469
1843.681396
1950.114258
2633.415283
3000.000000
1955.034790
1895.304810
1865.390747
1856.509644
1868.746338
1855.160400
1778.113770
1760.848267
1740.940308
1778.159058
1825.245361
1821.324829
1803.935547
1782.327637
1739.029297
1700.472778
1726.162720
1782.843506
1749.834229
1764.297119
1744.232544
1739.302490
1763.692871
1744.858154
1789.063721
1740.706909
1739.306152
1732.812744
1725.833252
1706.204590
1704.938110
1736.330933
1794.746460
1785.621582
1769.121338
1745.398804
1768.935181
1772.913330
1823.800293
1857.375488
1905.175171
1851.798218
1849.217896
1915.337891
1891.262573
2495.676025
3000.000000
3000.000000
3000.000000
3000.000000
2737.906494
3000.000000
3000.000000
3000.000000
3000.000000
3000.000000
3000.000000
3000.000000
3000.000000
3000.000000
2623.796875
3000.000000
3000.000000
3000.000000
2080.521729
1833.997803
1718.758423
1615.455566
1540.210083
1486.393066
1447.335571
1427.932251
1403.618530
1404.544312
1401.950928
1401.782959
1402.153687
1420.636841
1418.950195
1429.614014
1434.072144
1468.654175
1488.365479
1510.346313
1524.552490
1544.491821
1555.788208
1579.492065
1610.563843
1638.033447
1770.406372
1831.285522
1850.613525
1851.973389
1838.607056
1836.814819
1827.928223
1852.646973
1852.501709
1919.597046
3000.000000
3000.000000
3000.000000
3000.000000
3000.000000
3000.000000
1878.743652
1913.502686
3000.000000
3000.000000
1977.053345
1908.684448
3000.000000
3000.000000
3000.000000
3000.000000
3000.000000
3000.000000
3000.000000
3000.000000
3000.000000
3000.000000
2099.216309
3000.000000
3000.000000
3000.000000
1400.000000
1400.000000
1400.000000
1400.000000
1400.000000
1400.000000
1400.000000
1400.000000
1400.000000
1400.000000
1400.000000
1400.000000
1400.000000
1400.000000
1400.000000
1400.000000
1400.000000
1400.000000
1400.000000
1400.000000
1400.000000
1400.000000
1400.000000
1400.000000
1400.000000
1400.000000
1400.000000
1400.000000
1400.000000
1400.000000
1400.000000
1400.000000
1400.000000
1400.000000
1400.000000
1400.000000
1400.000000
1400.000000
1400.000000
1400.000000
1400.000000
1400.000000
1400.000000
1400.000000
1400.000000
1400.000000
1400.000000
1400.000000
1400.000000
1400.000000
1400.000000
1400.000000
1400.000000
1400.000000
1400.000000
1400.000000
1400.000000
1400.000000
1400.000000
1400.000000
1400.000000
1400.000000
1400.000000
1400.000000
1400.000000
1400.000000
1400.000000
1400.000000
1400.000000
1400.000000
1400.000000
1400.000000
1400.000000
1400.000000
1400.000000
1400.000000
1400.000000
1400.000000
1400.000000
1400.000000
1400.000000
1400.000000
1400.000000
1400.000000
1400.000000
1400.000000
1400.000000
1400.000000
1400.000000
1400.000000
1400.000000
1400.000000
1400.000000
1400.000000
1400.000000
1400.000000
1400.000000
1400.000000
1400.000000
1400.000000
1400.000000
1400.000000
1400.000000
1400.000000
1400.000000
1400.000000
1400.000000
1400.000000
1400.000000
1400.000000
1400.000000
1400.000000
1400.000000
1400.000000
1400.000000
1400.000000
1400.000000
1400.000000
1400.000000
1400.000000
1400.000000
1400.000000
1400.000000
1400.000000
1400.000000
1400.000000
1400.000000
1400.000000
1400.000000
1400.000000
1400.000000
1400.000000
1400.000000
1400.000000
1400.000000
1400.000000
1400.000000
1400.000000
1400.000000
1400.000000
1400.000000
1400.000000
1400.000000
1400.000000
1400.000000
1400.000000
1400.000000
1400.000000
1400.000000
1400.000000
1400.000000
1400.000000
1400.000000
1400.000000
1400.000000
1400.000000
1400.000000
1400.000000
1400.000000
1400.000000
1400.000000
1400.000000
1400.000000
1400.000000
1400.000000
1400.000000
1400.000000
1400.000000
1400.000000
1400.000000
1400.000000
1400.000000
1400.000000
1400.000000
1400.000000
1400.000000
1400.000000
1400.000000
1400.000000
1400.000000
1400.000000
1400.000000
1400.000000
1400.000000
1400.000000
1400.000000
1400.000000
1400.000000
1400.000000
1400.000000
1400.000000
1400.000000
1400.000000
1400.000000
1400.000000
1400.000000
1400.000000
1400.000000
1400.000000
1400.000000
1400.000000
1400.000000
1400.000000
1400.000000
1400.000000
1400.000000
1400.000000
1400.000000
1400.000000
1400.000000
1400.000000
1400.000000
1400.000000
1400.000000
1400.000000
1400.000000
1400.000000
1400.000000
1400.000000
1400.000000
1400.000000
1400.000000
1400.000000
1400.000000
1400.000000
1400.000000
1400.000000
1400.000000
1400.000000
1400.000000
1400.000000
1400.000000
1400.000000
1400.000000
1400.000000
1400.000000
1400.000000
1400.000000
1400.000000
1400.000000
1400.000000
1400.000000
1400.000000
1400.000000
1400.000000
1400.000000
1400.000000
1400.000000
1400.000000
1400.000000
1400.000000
1400.000000
1400.000000
1400.000000
1400.000000
1400.000000
1400.000000
1400.000000
1400.000000
1400.000000
1400.000000
1400.000000
1400.000000
1400.000000
1400.000000
1400.000000
1400.000000
1400.000000
1400.000000
1400.000000
1400.000000
1400.000000
1400.000000
1400.000000
1400.000000
1400.000000
1400.000000
1400.000000
1400.000000
1400.000000
1400.000000
1400.000000
1400.000000
1400.000000
1400.000000
1400.000000
1400.000000
1400.000000
1400.000000
1400.000000
1400.000000
1400.000000
1400.000000
1400.000000
1400.000000
1400.000000
1400.000000
1400.000000
1400.000000
1400.000000
1400.000000
1400.000000
1400.000000
1400.000000
1400.000000
1400.000000
1400.000000
1400.000000
1400.000000
1400.000000
1400.000000
1400.000000
1400.000000
1400.000000
1400.000000
1400.000000
1400.000000
1400.000000
1400.000000
1400.000000
1400.000000
1400.000000
1400.000000
1400.000000
1400.000000
1400.000000
1400.000000
1400.000000
1400.000000
1400.000000
1400.000000
1400.000000
1400.000000
1400.000000
1400.000000
1400.000000
1400.000000
1400.000000
1400.000000
1400.000000
1400.000000
1400.000000
1400.000000
1400.000000
1400.000000
1400.000000
1400.000000
1400.000000
1400.000000
1400.000000
1400.000000
1400.000000
1400.000000
1400.000000
1400.000000
1400.000000
1400.000000
1400.000000
1400.000000
1400.000000
1400.000000
1400.000000
1400.000000
1400.000000
1400.000000
1400.000000
1400.000000
1400.000000
1400.000000
1400.000000
1400.000000
1400.000000
1400.000000
1400.000000
1400.000000
1400.000000
1400.000000
1400.000000
1400.000000
1400.000000
1400.000000
1400.000000
1400.000000
1400.000000
1400.000000
1400.000000
1400.000000
1400.000000
1400.000000
1400.000000
1400.000000
1400.000000
1400.000000
1400.000000
1400.000000
1400.000000
1400.000000
1400.000000
1400.000000
1400.000000
1400.000000
1400.000000
1400.000000
1400.000000
1400.000000
1400.000000
1400.000000
1400.000000
1400.000000
1400.000000
1400.000000
1400.000000
1400.000000
1400.000000
1400.000000
1400.000000
1400.000000
1400.000000
1400.000000
1400.000000
1400.000000
1400.000000
1400.000000
1400.000000
1400.000000
1400.000000
1400.000000
1400.000000
1400.000000
1400.000000
1400.000000
1400.000000
1400.000000
1400.000000
1400.000000
1400.000000
1400.000000
1400.000000
1400.000000
1400.000000
1400.000000
1400.000000
1400.000000
1400.000000
1400.000000
1400.000000
1400.000000
1400.000000
1400.000000
1400.000000
1400.000000
1400.000000
1400.000000
1400.000000
1400.000000
1400.000000
1400.000000
1400.000000
1400.000000
1400.000000
1400.000000
1400.000000
1400.000000
1400.000000
1400.000000
1400.000000
1400.000000
1400.000000
1400.000000
1400.000000
1400.000000
1400.000000
1400.000000
1400.000000
1400.000000
1400.000000
1400.000000
1400.000000
1400.000000
1400.000000
1400.000000
1400.000000
1400.000000
1400.000000
1400.000000
1400.000000
1400.000000
1400.000000
1400.000000
1400.000000
1400.000000
1400.000000
1400.000000
1400.000000
1400.000000
1400.000000
1400.000000
1400.000000
1400.000000
1400.000000
1400.000000
1400.000000
1400.000000
1400.000000
1400.000000
1400.000000
1400.000000
1400.000000
1400.000000
1400.000000
1400.000000
1400.000000
1400.000000
1400.000000
1400.000000
1400.000000
1400.000000
1400.000000
1400.000000
1400.000000
1400.000000
1400.000000
1400.000000
1400.000000
1400.000000
1400.000000
1400.000000
1400.000000
1400.000000
1400.000000
1400.000000
1400.000000
1400.000000
1400.000000
1400.000000
1400.000000
1400.000000
1400.000000
1400.000000
1400.000000
1400.000000
1400.000000
1400.000000
1400.000000
1400.000000
1400.000000
1400.000000
1400.000000
1400.000000
1400.000000
1400.000000
1400.000000
1400.000000
1400.000000
1400.000000
1400.000000
1400.000000
1400.000000
1400.000000
1400.000000
1400.000000
1400.000000
1400.000000
1400.000000
1400.000000
1400.000000
1400.000000
1400.000000
1400.000000
1400.000000
1400.000000
1400.000000
1400.000000
1400.000000
1400.000000
1400.000000
1400.000000
1400.000000
1400.000000
1400.000000
1400.000000
1400.000000
1400.000000
1400.000000
1400.000000
1400.000000
1400.000000
1400.000000
1400.000000
1400.000000
1400.000000
1400.000000
1400.000000
1400.000000
1400.000000
1400.000000
1400.000000
1400.000000
1400.000000
1400.000000
1400.000000
1400.000000
1400.000000
1400.000000
1400.000000
1400.000000
1400.000000
1400.000000
1400.000000
1400.000000
1400.000000
1400.000000
1400.000000
1400.000000
1400.000000
1400.000000
1400.000000
1400.000000
1400.000000
1400.000000
1400.000000
1400.000000
1400.000000
1400.000000
1400.000000
1400.000000
1400.000000
1400.000000
1400.000000
1400.000000
1400.000000
1400.000000
1400.000000
1400.000000
1400.000000
1400.000000
1400.000000
1400.000000
1400.000000
1400.000000
1400.000000
1400.000000
1400.000000
1400.000000
1400.000000
1400.000000
1400.000000
1400.000000
1400.000000
1400.000000
1400.000000
1400.000000
1400.000000
1400.000000
1400.000000
1400.000000
1400.000000
1400.000000
1400.000000
1400.000000
1400.000000
1400.000000
1400.000000
1400.000000
1400.000000
1400.000000
1400.000000
1400.000000
1400.000000
1400.000000
1400.000000
1400.000000
1400.000000
1400.000000
1400.000000
1400.000000
1400.000000
1400.000000
1400.000000
1400.000000
1400.000000
1400.000000
1400.000000
1400.000000
1400.000000
1400.000000
1400.000000
1400.000000
1400.000000
1400.000000
1400.000000
1400.000000
1400.000000
1400.000000
1400.000000
1400.000000
1400.000000
1400.000000
1400.000000
1400.000000
1400.000000
1400.000000
1400.000000
1400.000000
1400.000000
1400.000000
1400.000000
1400.000000
1400.000000
1400.000000
1400.000000
1400.000000
1400.000000
1400.000000
1400.000000
1400.000000
1400.000000
1400.000000
1400.000000
1400.000000
1400.000000
1400.000000
1400.000000
1400.000000
1400.000000
1400.000000
1400.000000
1400.000000
1400.000000
1400.000000
1400.000000
1400.000000
1400.000000
1400.000000
1400.000000
1400.000000
1400.000000
1400.000000
1400.000000
1400.000000
1400.000000
1400.000000
1400.000000
1400.000000
1400.000000
1400.000000
1400.000000
1400.000000
1400.000000
1400.000000
1400.000000
1400.000000
1400.000000
1400.000000
1400.000000
1400.000000
1400.000000
1400.000000
1400.000000
1400.000000
1400.000000
1400.000000
1400.000000
1400.000000
1400.000000
1400.000000
1400.000000
1400.000000
1400.000000
1400.000000
1400.000000
1400.000000
1400.000000
1400.000000
1400.000000
1400.000000
1400.000000
1400.000000
1400.000000
1400.000000
1400.000000
1400.000000
1400.000000
1400.000000
1400.000000
1400.000000
1400.000000
1400.000000
1400.000000
1400.000000
1400.000000
1400.000000
1400.000000
1400.000000
1400.000000
1400.000000
1400.000000
1400.000000
1400.000000
1400.000000
1400.000000
1400.000000
1400.000000
1400.000000
1400.000000
1400.000000
1400.000000
1400.000000
1400.000000
1400.000000
1400.000000
1400.000000
1400.000000
1400.000000
1400.000000
1400.000000
1400.000000
1400.000000
1400.000000
1400.000000
1400.000000
1400.000000
1400.000000
1400.000000
1400.000000
1400.000000
1400.000000
1400.000000
1400.000000
1400.000000
1400.000000
1400.000000
1400.000000
1400.000000
1400.000000
1400.000000
1400.000000
1400.000000
1400.000000
1400.000000
1400.000000
1400.000000
1400.000000
1400.000000
1400.000000
1400.000000
1400.000000
1400.000000
1400.000000
1400.000000
1400.000000
1400.000000
1400.000000
1400.000000
1400.000000
1400.000000
1400.000000
1400.000000
1400.000000
1400.000000
1400.000000
1400.000000
1400.000000
1400.000000
1400.000000
1400.000000
1400.000000
1400.000000
1400.000000
1400.000000
1400.000000
1400.000000
1400.000000
1400.000000
1400.000000
1400.000000
1400.000000
1400.000000
1400.000000
1400.000000
1400.000000
1400.000000
1400.000000
1400.000000
1400.000000
1400.000000
1400.000000
1400.000000
1400.000000
1400.000000
1400.000000
1400.000000
1400.000000
1400.000000
1400.000000
1400.000000
1400.000000
1400.000000
1400.000000
1400.000000
1400.000000
1400.000000
1400.000000
1400.000000
1400.000000
1400.000000
1400.000000
1400.000000
1400.000000
1400.000000
1400.000000
1400.000000
1400.000000
1400.000000
1400.000000
1400.000000
1400.000000
1400.000000
1400.000000
1400.000000
1400.000000
1400.000000
1400.000000
1400.000000
1400.000000
1400.000000
1400.000000
1400.000000
1400.000000
1400.000000
1400.000000
1400.000000
1400.000000
1400.000000
1400.000000
1400.000000
1400.000000
1400.000000
1400.000000
1400.000000
1400.000000
1400.000000
1400.000000
1400.000000
1400.000000
1400.000000
1400.000000
1400.000000
1400.000000
1400.000000
1400.000000
1400.000000
1400.000000
1400.000000
1400.000000
1400.000000
1400.000000
1400.000000
1400.000000
1400.000000
1400.000000
1400.000000
1400.000000
1400.000000
1400.000000
1400.000000
1400.000000
1400.000000
1400.000000
1400.000000
1400.000000
1400.000000
1400.000000
1400.000000
1400.000000
1400.000000
1400.000000
1400.000000
1400.000000
1400.000000
1400.000000
1400.000000
1400.000000
1400.000000
1400.000000
1400.000000
1400.000000
1400.000000
1400.000000
1400.000000
1400.000000
1400.000000
1400.000000
1400.000000
1400.000000
1400.000000
1400.000000
1400.000000
1400.000000
1400.000000
1400.000000
1400.000000
1400.000000
1400.000000
1400.000000
1400.000000
1400.000000
1400.000000
1400.000000
1400.000000
1400.000000
1400.000000
1400.000000
1400.000000
1400.000000
1400.000000
1400.000000
1400.000000
1400.000000
1400.000000
1400.000000
1400.000000
1400.000000
1400.000000
1400.000000
1400.000000
1400.000000
1400.000000
1400.000000
1400.000000
1400.000000
1400.000000
1400.000000
1400.000000
1400.000000
1400.000000
1400.000000
1400.000000
1400.000000
1400.000000
1400.000000
1400.000000
1400.000000
1400.000000
1400.000000
1400.000000
1400.000000
1400.000000
1400.000000
1400.000000
1400.000000
1400.000000
1400.000000
1400.000000
1400.000000
1400.000000
1400.000000
1400.000000
1400.000000
1400.000000
1400.000000
1400.000000
1400.000000
1400.000000
1400.000000
1400.000000
1400.000000
1400.000000
1400.000000
1400.000000
1400.000000
1400.000000
1400.000000
1400.000000
1400.000000
1400.000000
1400.000000
1400.000000
1400.000000
1400.000000
1400.000000
1400.000000
1400.000000
1400.000000
1400.000000
1400.000000
1400.000000
1400.000000
1400.000000
1400.000000
1400.000000
1400.000000
1400.000000
1400.000000
1400.000000
1400.000000
1400.000000
1400.000000
1400.000000
1400.000000
1400.000000
1400.000000
1400.000000
1400.000000
1400.000000
1400.000000
1400.000000
1400.000000
1400.000000
1400.000000
1400.000000
1400.000000
1400.000000
1400.000000
1400.000000
1400.000000
1400.000000
1400.000000
1400.000000
1400.000000
1400.000000
1400.000000
1400.000000
1400.000000
1400.000000
1400.000000
1400.000000
1400.000000
1400.000000
1400.000000
1400.000000
1400.000000
1400.000000
1400.000000
1400.000000
1400.000000
1400.000000
1400.000000
1400.000000
1400.000000
1400.000000
1400.000000
1400.000000
1400.000000
1400.000000
1400.000000
1400.000000
1400.000000
1400.000000
1400.000000
1400.000000
1400.000000
1400.000000
1400.000000
1400.000000
1400.000000
1400.000000
1400.000000
1400.000000
1400.000000
1400.000000
1400.000000
1400.000000
1400.000000
1400.000000
1400.000000
1400.000000
1400.000000
1400.000000
1400.000000
1400.000000
1400.000000
1400.000000
1400.000000
1400.000000
1400.000000
1400.000000
1400.000000
1400.000000
1400.000000
1400.000000
1400.000000
1400.000000
1400.000000
1400.000000
1400.000000
1400.000000
1400.000000
1400.000000
1400.000000
1400.000000
1400.000000
1400.000000
1400.000000
1400.000000
1400.000000
1400.000000
1400.000000
1400.000000
1400.000000
1400.000000
1400.000000
1400.000000
1400.000000
1400.000000
1400.000000
1400.000000
1400.000000
1400.000000
1400.000000
1400.000000
1400.000000
1400.000000
1400.000000
1400.000000
1400.000000
1400.000000
1400.000000
1400.000000
1400.000000
1400.000000
1400.000000
1400.000000
1400.000000
1400.000000
1400.000000
1400.000000
1400.000000
1400.000000
1400.000000
1400.000000
1400.000000
1400.000000
1400.000000
1400.000000
1400.000000
1400.000000
1400.000000
1400.000000
1400.000000
1400.000000
1400.000000
1400.000000
1400.000000
1400.000000
1400.000000
1400.000000
1400.000000
1400.000000
1400.000000
1400.000000
1400.000000
1400.000000
1400.000000
1400.000000
1400.000000
1400.000000
1400.000000
1400.000000
1400.000000
1400.000000
1400.000000
1400.000000
1400.000000
1400.000000
1400.000000
1400.000000
1400.000000
1400.000000
1400.000000
1400.000000
1400.000000
1400.000000
1400.000000
1400.000000
1400.000000
1400.000000
1400.000000
1400.000000
1400.000000
1400.000000
1400.000000
1400.000000
1400.000000
1400.000000
1400.000000
1400.000000
1400.000000
1400.000000
1400.000000
1400.000000
1400.000000
1400.000000
1400.000000
1400.000000
1400.000000
1400.000000
1400.000000
1400.000000
1400.000000
1400.000000
1400.000000
1400.000000
1400.000000
1400.000000
1400.000000
1400.000000
1400.000000
1400.000000
1400.000000
1400.000000
1400.000000
1400.000000
1400.000000
1400.000000
1400.000000
1400.000000
1400.000000
1400.000000
1400.000000
1400.000000
1400.000000
1400.000000
1400.000000
1400.000000
1400.000000
1400.000000
1400.000000
1400.000000
1400.000000
1400.000000
1400.000000
1400.000000
1400.000000
1400.000000
1400.000000
1400.000000
1400.000000
1400.000000
1400.000000
1400.000000
1400.000000
1400.000000
1400.000000
1400.000000
1400.000000
1400.000000
1400.000000
1400.000000
1400.000000
1400.000000
1400.000000
1400.000000
1400.000000
1400.000000
1400.000000
1400.000000
1400.000000
1400.000000
1400.000000
1400.000000
1400.000000
1400.000000
1400.000000
1400.000000
1400.000000
1400.000000
1400.000000
1400.000000
1400.000000
1400.000000
1400.000000
1400.000000
1400.000000
1400.000000
1400.000000
1400.000000
1400.000000
1400.000000
1400.000000
1400.000000
1400.000000
1400.000000
1400.000000
1400.000000
1400.000000
1400.000000
1400.000000
1400.000000
1400.000000
1400.000000
1400.000000
1400.000000
1400.000000
1400.000000
1400.000000
1400.000000
1400.000000
1400.000000
1400.000000
1400.000000
1400.000000
1400.000000
1400.000000
1400.000000
1400.000000
1400.000000
1400.000000
1400.000000
1400.000000
1400.000000
1400.000000
1400.000000
1400.000000
1400.000000
1400.000000
1400.000000
1400.000000
1400.000000
1400.000000
1400.000000
1400.000000
1400.000000
1400.000000
1400.000000
1400.000000
1400.000000
1400.000000
1400.000000
1400.000000
1400.000000
1400.000000
1400.000000
1400.000000
1400.000000
1400.000000
1400.000000
1400.000000
1400.000000
1400.000000
1400.000000
1400.000000
1400.000000
1400.000000
1400.000000
1400.000000
1400.000000
1400.000000
1400.000000
1400.000000
1400.000000
1400.000000
1400.000000
1400.000000
1400.000000
1400.000000
1400.000000
1400.000000
1400.000000
1400.000000
1400.000000
1400.000000
1400.000000
1400.000000
1400.000000
1400.000000
1400.000000
1400.000000
1400.000000
1400.000000
1400.000000
1400.000000
1400.000000
1400.000000
1400.000000
1400.000000
1400.000000
1400.000000
1400.000000
1400.000000
1400.000000
1400.000000
1400.000000
1400.000000
1400.000000
1400.000000
1400.000000
1400.000000
1400.000000
1400.000000
1400.000000
1400.000000
1400.000000
1400.000000
1400.000000
1400.000000
1400.000000
1400.000000
1400.000000
1400.000000
1400.000000
1400.000000
1400.000000
1400.000000
1400.000000
1400.000000
1400.000000
1400.000000
1400.000000
1400.000000
1400.000000
1400.000000
1400.000000
1400.000000
1400.000000
1400.000000
1400.000000
1400.000000
1400.000000
1400.000000
1400.000000
1400.000000
1400.000000
1400.000000
1400.000000
1400.000000
1400.000000
1400.000000
1400.000000
1400.000000
1400.000000
1400.000000
1400.000000
1400.000000
1400.000000
1400.000000
1400.000000
1400.000000
1400.000000
1400.000000
1400.000000
1400.000000
1400.000000
1400.000000
1400.000000
1400.000000
1400.000000
1400.000000
1400.000000
1400.000000
1400.000000
1400.000000
1400.000000
1400.000000
1400.000000
1400.000000
1400.000000
1400.000000
1400.000000
1400.000000
1400.000000
1400.000000
1400.000000
1400.000000
1400.000000
1400.000000
1400.000000
1400.000000
1400.000000
1400.000000
1400.000000
1400.000000
1400.000000
1400.000000
1400.000000
1400.000000
1400.000000
1400.000000
1400.000000
1400.000000
1400.000000
1400.000000
1400.000000
1400.000000
1400.000000
1400.000000
1400.000000
1400.000000
1400.000000
1400.000000
1400.000000
1400.000000
1400.000000
1400.000000
1400.000000
1400.000000
1400.000000
1400.000000
1400.000000
1400.000000
1400.000000
1400.000000
1400.000000
1400.000000
1400.000000
1400.000000
1400.000000
1400.000000
1400.000000
1400.000000
1400.000000
1400.000000
1400.000000
1400.000000
1400.000000
1400.000000
1400.000000
1400.000000
1400.000000
1400.000000
1400.000000
1400.000000
1400.000000
1400.000000
1400.000000
1400.000000
1400.000000
1400.000000
1400.000000
1400.000000
1400.000000
1400.000000
1400.000000
1400.000000
1400.000000
1400.000000
1400.000000
1400.000000
1400.000000
1400.000000
1400.000000
1400.000000
1400.000000
1400.000000
1400.000000
1400.000000
1400.000000
1400.000000
1400.000000
1400.000000
1400.000000
1400.000000
1400.000000
1400.000000
1400.000000
1400.000000
1400.000000
1400.000000
1400.000000
1400.000000
1400.000000
1400.000000
1400.000000
1400.000000
1400.000000
1400.000000
1400.000000
1400.000000
1400.000000
1400.000000
1400.000000
1400.000000
1400.000000
1400.000000
1400.000000
1400.000000
1400.000000
1400.000000
1400.000000
1400.000000
1400.000000
1400.000000
1400.000000
1400.000000
1400.000000
1400.000000
1400.000000
1400.000000
1400.000000
1400.000000
1400.000000
1400.000000
1400.000000
1400.000000
1400.000000
1400.000000
1400.000000
1400.000000
1400.000000
1400.000000
1400.000000
1400.000000
1400.000000
1400.000000
1400.000000
1400.000000
1400.000000
1400.000000
1400.000000
1400.000000
1400.000000
1400.000000
1400.000000
1400.000000
1400.000000
1400.000000
1400.000000
1400.000000
1400.000000
1400.000000
1400.000000
1400.000000
1400.000000
1400.000000
1400.000000
1400.000000
1400.000000
1400.000000
1400.000000
1400.000000
1400.000000
1400.000000
1400.000000
1400.000000
1400.000000
1400.000000
1400.000000
1400.000000
1400.000000
1400.000000
1400.000000
1400.000000
1400.000000
1400.000000
1400.000000
1400.000000
1400.000000
1400.000000
1400.000000
1400.000000
1400.000000
1400.000000
1400.000000
1400.000000
1400.000000
1400.000000
1400.000000
1400.000000
1400.000000
1400.000000
1400.000000
1400.000000
1400.000000
1400.000000
1400.000000
1400.000000
1400.000000
1400.000000
1400.000000
1400.000000
1400.000000
1400.000000
1400.000000
1400.000000
1400.000000
1400.000000
1400.000000
1400.000000
1400.000000
1400.000000
1400.000000
1400.000000
1400.000000
1400.000000
1400.000000
1400.000000
1400.000000
1400.000000
1400.000000
1400.000000
1400.000000
1400.000000
1400.000000
1400.000000
1400.000000
1400.000000
1400.000000
1400.000000
1400.000000
1400.000000
1400.000000
1400.000000
1400.000000
1400.000000
1400.000000
1400.000000
1400.000000
1400.000000
1400.000000
1400.000000
1400.000000
1400.000000
1400.000000
1400.000000
1400.000000
1400.000000
1400.000000
1400.000000
1400.000000
1400.000000
1400.000000
1400.000000
1400.000000
1400.000000
1400.000000
1400.000000
1400.000000
1400.000000
1400.000000
1400.000000
1400.000000
1400.000000
1400.000000
1400.000000
1400.000000
1400.000000
1400.000000
1400.000000
1400.000000
1400.000000
1400.000000
1400.000000
1400.000000
1400.000000
1400.000000
1400.000000
1400.000000
1400.000000
1400.000000
1400.000000
1400.000000
1400.000000
1400.000000
1400.000000
1400.000000
1400.000000
1400.000000
1400.000000
1400.000000
1400.000000
1400.000000
1400.000000
1400.000000
1400.000000
1400.000000
1400.000000
1400.000000
1400.000000
1400.000000
1400.000000
1400.000000
1400.000000
1400.000000
1400.000000
1400.000000
1400.000000
1400.000000
1400.000000
1400.000000
1400.000000
1400.000000
1400.000000
1400.000000
1400.000000
1400.000000
1400.000000
1400.000000
1400.000000
1400.000000
1400.000000
1400.000000
1400.000000
1400.000000
1400.000000
1400.000000
1400.000000
1400.000000
1400.000000
1400.000000
1400.000000
1400.000000
1400.000000
1400.000000
1400.000000
1400.000000
1400.000000
1400.000000
1400.000000
1400.000000
1400.000000
1400.000000
1400.000000
1400.000000
1400.000000
1400.000000
1400.000000
1400.000000
1400.000000
1400.000000
1400.000000
1400.000000
1400.000000
1400.000000
1400.000000
1400.000000
1400.000000
1400.000000
1400.000000
1400.000000
1400.000000
1400.000000
1400.000000
1400.000000
1400.000000
1400.000000
1400.000000
1400.000000
1400.000000
1400.000000
1400.000000
1400.000000
1400.000000
1400.000000
1400.000000
1400.000000
1400.000000
1400.000000
1400.000000
1400.000000
1400.000000
1400.000000
1400.000000
1400.000000
1400.000000
1400.000000
1400.000000
1400.000000
1400.000000
1400.000000
1400.000000
1400.000000
1400.000000
1400.000000
1400.000000
1400.000000
1400.000000
1400.000000
1400.000000
1400.000000
1400.000000
1400.000000
1400.000000
1400.000000
1400.000000
1400.000000
1400.000000
1400.000000
1400.000000
1400.000000
1400.000000
1400.000000
1400.000000
1400.000000
1400.000000
1400.000000
1400.000000
1400.000000
1400.000000
1400.000000
1400.000000
1400.000000
1400.000000
1400.000000
1400.000000
1400.000000
1400.000000
1400.000000
1400.000000
1400.000000
1400.000000
1400.000000
1400.000000
1400.000000
1400.000000
1400.000000
1400.000000
1400.000000
1400.000000
1400.000000
1400.000000
1400.000000
1400.000000
1400.000000
1400.000000
1400.000000
1400.000000
1400.000000
1400.000000
1400.000000
1400.000000
1400.000000
1400.000000
1400.000000
1400.000000
1400.000000
1400.000000
1400.000000
1400.000000
1400.000000
1400.000000
1400.000000
1400.000000
1400.000000
1400.000000
1400.000000
1400.000000
1400.000000
1400.000000
1400.000000
1400.000000
1400.000000
1400.000000
1400.000000
1400.000000
1400.000000
1400.000000
1400.000000
1400.000000
1400.000000
1400.000000
1400.000000
1400.000000
1400.000000
1400.000000
1400.000000
1400.000000
1400.000000
1400.000000
1400.000000
1400.000000
1400.000000
1400.000000
1400.000000
1400.000000
1400.000000
1400.000000
1400.000000
1400.000000
1400.000000
1400.000000
1400.000000
1400.000000
1400.000000
1400.000000
1400.000000
1400.000000
1400.000000
1400.000000
1400.000000
1400.000000
1400.000000
1400.000000
1400.000000
1400.000000
1400.000000
1400.000000
1400.000000
1400.000000
1400.000000
1400.000000
1400.000000
1400.000000
1400.000000
1400.000000
1400.000000
1400.000000
1400.000000
1400.000000
1400.000000
1400.000000
1400.000000
1400.000000
1400.000000
1400.000000
1400.000000
1400.000000
1400.000000
1400.000000
1400.000000
1400.000000
1400.000000
1400.000000
1400.000000
1400.000000
1400.000000
1400.000000
1400.000000
1400.000000
1400.000000
1400.000000
1400.000000
1400.000000
1400.000000
1400.000000
1400.000000
1400.000000
1400.000000
1400.000000
1400.000000
1400.000000
1400.000000
1400.000000
1400.000000
1400.000000
1400.000000
1400.000000
1400.000000
1400.000000
1400.000000
1400.000000
1400.000000
1400.000000
1400.000000
1400.000000
1400.000000
1400.000000
1400.000000
1400.000000
1400.000000
1400.000000
1400.000000
1400.000000
1400.000000
1400.000000
1400.000000
1400.000000
1400.000000
1400.000000
1400.000000
1400.000000
1400.000000
1400.000000
1400.000000
1400.000000
1400.000000
1400.000000
1400.000000
1400.000000
1400.000000
1400.000000
1400.000000
1400.000000
1400.000000
1400.000000
1400.000000
1400.000000
1400.000000
1400.000000
1400.000000
1400.000000
1400.000000
1400.000000
1400.000000
1400.000000
1400.000000
1400.000000
1400.000000
1400.000000
1400.000000
1400.000000
1400.000000
1400.000000
1400.000000
1400.000000
1400.000000
1400.000000
1400.000000
1400.000000
1400.000000
1400.000000
1400.000000
1400.000000
1400.000000
1400.000000
1400.000000
1400.000000
1400.000000
1400.000000
1400.000000
1400.000000
1400.000000
1400.000000
1400.000000
1400.000000
1400.000000
1400.000000
1400.000000
1400.000000
1400.000000
1400.000000
1400.000000
1400.000000
1400.000000
1400.000000
1400.000000
1400.000000
1400.000000
1400.000000
1400.000000
1400.000000
1400.000000
1400.000000
1400.000000
1400.000000
1400.000000
1400.000000
1400.000000
1400.000000
1400.000000
1400.000000
1400.000000
1400.000000
1400.000000
1400.000000
1400.000000
1400.000000
1400.000000
1400.000000
1400.000000
1400.000000
1400.000000
1400.000000
1400.000000
1400.000000
1400.000000
1400.000000
1400.000000
1400.000000
1400.000000
1400.000000
1400.000000
1400.000000
1400.000000
1400.000000
1400.000000
1400.000000
1400.000000
1400.000000
1400.000000
1400.000000
1400.000000
1400.000000
1400.000000
1400.000000
1400.000000
1400.000000
1400.000000
1400.000000
1400.000000
1400.000000
1400.000000
1400.000000
1400.000000
1400.000000
1400.000000
1400.000000
1400.000000
1400.000000
1400.000000
1400.000000
1400.000000
1400.000000
1400.000000
1400.000000
1400.000000
1400.000000
1400.000000
1400.000000
1400.000000
1400.000000
1400.000000
1400.000000
1400.000000
1400.000000
1400.000000
1400.000000
1400.000000
1400.000000
1400.000000
1400.000000
1400.000000
1400.000000
1400.000000
1400.000000
1400.000000
1400.000000
1400.000000
1400.000000
1400.000000
1400.000000
1400.000000
1400.000000
1400.000000
1400.000000
1400.000000
1400.000000
1400.000000
1400.000000
1400.000000
1400.000000
1400.000000
1400.000000
1400.000000
1400.000000
1400.000000
1400.000000
1400.000000
1400.000000
1400.000000
1400.000000
1400.000000
1400.000000
1400.000000
1400.000000
1400.000000
1400.000000
1400.000000
1400.000000
1400.000000
1400.000000
1400.000000
1400.000000
1400.000000
1400.000000
1400.000000
1400.000000
1400.000000
1400.000000
1400.000000
1400.000000
1400.000000
1400.000000
1400.000000
1400.000000
1400.000000
1400.000000
1400.000000
1400.000000
1400.000000
1400.000000
1400.000000
1400.000000
1400.000000
1400.000000
1400.000000
1400.000000
1400.000000
1400.000000
1400.000000
1400.000000
1400.000000
1400.000000
1400.000000
1400.000000
1400.000000
1400.000000
1400.000000
1400.000000
1400.000000
1400.000000
1400.000000
1400.000000
1400.000000
1400.000000
1400.000000
1400.000000
1400.000000
1400.000000
1400.000000
1400.000000
1400.000000
1400.000000
1400.000000
1400.000000
1400.000000
1400.000000
1400.000000
1400.000000
1400.000000
1400.000000
1400.000000
1400.000000
1400.000000
1400.000000
1400.000000
1400.000000
1400.000000
1400.000000
1400.000000
1400.000000
1400.000000
1400.000000
1400.000000
1400.000000
1400.000000
1400.000000
1400.000000
1400.000000
1400.000000
1400.000000
1400.000000
1400.000000
1400.000000
1400.000000
1400.000000
1400.000000
1400.000000
1400.000000
1400.000000
1400.000000
1400.000000
1400.000000
1400.000000
1400.000000
1400.000000
1400.000000
1400.000000
1400.000000
1400.000000
1400.000000
1400.000000
1400.000000
1400.000000
1400.000000
1400.000000
1400.000000
1400.000000
1400.000000
1400.000000
1400.000000
1400.000000
1400.000000
1400.000000
1400.000000
1400.000000
1400.000000
1400.000000
1400.000000
1400.000000
1400.000000
1400.000000
1400.000000
1400.000000
1400.000000
1400.000000
1400.000000
1400.000000
1400.000000
1400.000000
1400.000000
1400.000000
1400.000000
1400.000000
1400.000000
1400.000000
1400.000000
1400.000000
1400.000000
1400.000000
1400.000000
1400.000000
1400.000000
1400.000000
1400.000000
1400.000000
1400.000000
1400.000000
1400.000000
1400.000000
1400.000000
1400.000000
1400.000000
1400.000000
1400.000000
1400.000000
1400.000000
1400.000000
1400.000000
1400.000000
1400.000000
1400.000000
1400.000000
1400.000000
1400.000000
1400.000000
1400.000000
1400.000000
1400.000000
1400.000000
1400.000000
1400.000000
1400.000000
1400.000000
1400.000000
1400.000000
1400.000000
1400.000000
1400.000000
1400.000000
1400.000000
1400.000000
1400.000000
1400.000000
1400.000000
1400.000000
1400.000000
1400.000000
1400.000000
1400.000000
1400.000000
1400.000000
1400.000000
1400.000000
1400.000000
1400.000000
1400.000000
1400.000000
1400.000000
1400.000000
1400.000000
1400.000000
1400.000000
1400.000000
1400.000000
1400.000000
1400.000000
1400.000000
1400.000000
1400.000000
1400.000000
1400.000000
1400.000000
1400.000000
1400.000000
1400.000000
1400.000000
1400.000000
1400.000000
1400.000000
1400.000000
1400.000000
1400.000000
1400.000000
1400.000000
1400.000000
1400.000000
1400.000000
1400.000000
1400.000000
1400.000000
1400.000000
1400.000000
1400.000000
1400.000000
1400.000000
1400.000000
1400.000000
1400.000000
1400.000000
1400.000000
1400.000000
1400.000000
1400.000000
1400.000000
1400.000000
1400.000000
1400.000000
1400.000000
1400.000000
1400.000000
1400.000000
1400.000000
1400.000000
1400.000000
1400.000000
1400.000000
1400.000000
1400.000000
1400.000000
1400.000000
1400.000000
1400.000000
1400.000000
1400.000000
1400.000000
1400.000000
1400.000000
1400.000000
1400.000000
1400.000000
1400.000000
1400.000000
1400.000000
1400.000000
1400.000000
1400.000000
1400.000000
1400.000000
1400.000000
1400.000000
1400.000000
1400.000000
1400.000000
1400.000000
1400.000000
1400.000000
1400.000000
1400.000000
1400.000000
1400.000000
1400.000000
1400.000000
1400.000000
1400.000000
1400.000000
1400.000000
1400.000000
1400.000000
1400.000000
1400.000000
1400.000000
1400.000000
1400.000000
1400.000000
1400.000000
1400.000000
1400.000000
1400.000000
1400.000000
1400.000000
1400.000000
1400.000000
1400.000000
1400.000000
1400.000000
1400.000000
1400.000000
1400.000000
1400.000000
1400.000000
1400.000000
1400.000000
1400.000000
1400.000000
1400.000000
1400.000000
1400.000000
1400.000000
1400.000000
1400.000000
1400.000000
1400.000000
1400.000000
1400.000000
1400.000000
1400.000000
1400.000000
1400.000000
1400.000000
1400.000000
1400.000000
1400.000000
1400.000000
1400.000000
1400.000000
1400.000000
1400.000000
1400.000000
1400.000000
1400.000000
1400.000000
1400.000000
1400.000000
1400.000000
1400.000000
1400.000000
1400.000000
1400.000000
1400.000000
1400.000000
1400.000000
1400.000000
1400.000000
1400.000000
1400.000000
1400.000000
1400.000000
1400.000000
1400.000000
1400.000000
1400.000000
1400.000000
1400.000000
1400.000000
1400.000000
1400.000000
1400.000000
1400.000000
1400.000000
1400.000000
1400.000000
1400.000000
1400.000000
1400.000000
1400.000000
1400.000000
1400.000000
1400.000000
1400.000000
1400.000000
1400.000000
1400.000000
1400.000000
1400.000000
1400.000000
1400.000000
1400.000000
1400.000000
1400.000000
1400.000000
1400.000000
1400.000000
1400.000000
1400.000000
1400.000000
1400.000000
1400.000000
1400.000000
1400.000000
1400.000000
1400.000000
1400.000000
1400.000000
1400.000000
1400.000000
1400.000000
1400.000000
1400.000000
1400.000000
1400.000000
1400.000000
1400.000000
1400.000000
1400.000000
1400.000000
1400.000000
1400.000000
1400.000000
1400.000000
1400.000000
1400.000000
1400.000000
1400.000000
1400.000000
1400.000000
1400.000000
1400.000000
1400.000000
1400.000000
1400.000000
1400.000000
1400.000000
1400.000000
1400.000000
1400.000000
1400.000000
1400.000000
1400.000000
1400.000000
1400.000000
1400.000000
1400.000000
1400.000000
1400.000000
1400.000000
1400.000000
1400.000000
1400.000000
1400.000000
1400.000000
1400.000000
1400.000000
1400.000000
1400.000000
1400.000000
1400.000000
1400.000000
1400.000000
1400.000000
1400.000000
1400.000000
1400.000000
1400.000000
1400.000000
1400.000000
1400.000000
1400.000000
1400.000000
1400.000000
1400.000000
1400.000000
1400.000000
1400.000000
1400.000000
1400.000000
1400.000000
1400.000000
1400.000000
1400.000000
1400.000000
1400.000000
1400.000000
1400.000000
1400.000000
1400.000000
1400.000000
1400.000000
1400.000000
1400.000000
1400.000000
1400.000000
1400.000000
1400.000000
1400.000000
1400.000000
1400.000000
1400.000000
1400.000000
1400.000000
1400.000000
1400.000000
1400.000000
1400.000000
1400.000000
1400.000000
1400.000000
1400.000000
1400.000000
1400.000000
1400.000000
1400.000000
1400.000000
1400.000000
1400.000000
1400.000000
1400.000000
1400.000000
1400.000000
1400.000000
1400.000000
1400.000000
1400.000000
1400.000000
1400.000000
1400.000000
1400.000000
1400.000000
1400.000000
1400.000000
1400.000000
1400.000000
1400.000000
1400.000000
1400.000000
1400.000000
1400.000000
1400.000000
1400.000000
1400.000000
1400.000000
1400.000000
1400.000000
1400.000000
1400.000000
1400.000000
1400.000000
1400.000000
1400.000000
1400.000000
1400.000000
1400.000000
1400.000000
1400.000000
1400.000000
1400.000000
1400.000000
1400.000000
1400.000000
1400.000000
1400.000000
1400.000000
1400.000000
1400.000000
1400.000000
1400.000000
1400.000000
1400.000000
1400.000000
1400.000000
1400.000000
1400.000000
1400.000000
1400.000000
1400.000000
1400.000000
1400.000000
1400.000000
1400.000000
1400.000000
1400.000000
1400.000000
1400.000000
1400.000000
1400.000000
1400.000000
1400.000000
1400.000000
1400.000000
1400.000000
1400.000000
1400.000000
1400.000000
1400.000000
1400.000000
1400.000000
1400.000000
1400.000000
1400.000000
1400.000000
1400.000000
1400.000000
1400.000000
1400.000000
1400.000000
1400.000000
1400.000000
1400.000000
1400.000000
1400.000000
1400.000000
1400.000000
1400.000000
1400.000000
1400.000000
1400.000000
1400.000000
1400.000000
1400.000000
1400.000000
1400.000000
1400.000000
1400.000000
1400.000000
1400.000000
1400.000000
1400.000000
1400.000000
1400.000000
1400.000000
1400.000000
1400.000000
1400.000000
1400.000000
1400.000000
1400.000000
1400.000000
1400.000000
1400.000000
1400.000000
1400.000000
1400.000000
1400.000000
1400.000000
1400.000000
1400.000000
1400.000000
1400.000000
1400.000000
1400.000000
1400.000000
1400.000000
1400.000000
1400.000000
1400.000000
1400.000000
1400.000000
1400.000000
1400.000000
1400.000000
1400.000000
1400.000000
1400.000000
1400.000000
1400.000000
1400.000000
1400.000000
1400.000000
1400.000000
1400.000000
1400.000000
1400.000000
1400.000000
1400.000000
1400.000000
1400.000000
1400.000000
1400.000000
1400.000000
1400.000000
1400.000000
1400.000000
1400.000000
1400.000000
1400.000000
1400.000000
1400.000000
1400.000000
1400.000000
1400.000000
1400.000000
1400.000000
1400.000000
1400.000000
1400.000000
1400.000000
1400.000000
1400.000000
1400.000000
1400.000000
1400.000000
1400.000000
1400.000000
1400.000000
1400.000000
1400.000000
1400.000000
1400.000000
1400.000000
1400.000000
1400.000000
1400.000000
1400.000000
1400.000000
1400.000000
1400.000000
1400.000000
1400.000000
1400.000000
1400.000000
1400.000000
1400.000000
1400.000000
1400.000000
1400.000000
1400.000000
1400.000000
1400.000000
1400.000000
1400.000000
1400.000000
1400.000000
1400.000000
1400.000000
1400.000000
1400.000000
1400.000000
1400.000000
1400.000000
1400.000000
1400.000000
1400.000000
1400.000000
1400.000000
1400.000000
1400.000000
1400.000000
1400.000000
1400.000000
1400.000000
1400.000000
1400.000000
1400.000000
1400.000000
1400.000000
1400.000000
1400.000000
1400.000000
1400.000000
1400.000000
1400.000000
1400.000000
1400.000000
1400.000000
1400.000000
1400.000000
1400.000000
1400.000000
1400.000000
1400.000000
1400.000000
1400.000000
1400.000000
1400.000000
1400.000000
1400.000000
1400.000000
1400.000000
1400.000000
1400.000000
1400.000000
1400.000000
1400.000000
1400.000000
1400.000000
1400.000000
1400.000000
1400.000000
1400.000000
1400.000000
1400.000000
1400.000000
1400.000000
1400.000000
1400.000000
1400.000000
1400.000000
1400.000000
1400.000000
1400.000000
1400.000000
1400.000000
1400.000000
1400.000000
1400.000000
1400.000000
1400.000000
1400.000000
1400.000000
1400.000000
1400.000000
1400.000000
1400.000000
1400.000000
1400.000000
1400.000000
1400.000000
1400.000000
1400.000000
1400.000000
1400.000000
1400.000000
1400.000000
1400.000000
1400.000000
1400.000000
1400.000000
1400.000000
1400.000000
1400.000000
1400.000000
1400.000000
1400.000000
1400.000000
1400.000000
1400.000000
1400.000000
1400.000000
1400.000000
1400.000000
1400.000000
1400.000000
1400.000000
1400.000000
1400.000000
1400.000000
1400.000000
1400.000000
1400.000000
1400.000000
1400.000000
1400.000000
1400.000000
1400.000000
1400.000000
1400.000000
1400.000000
1400.000000
1400.000000
1400.000000
1400.000000
1400.000000
1400.000000
1400.000000
1400.000000
1400.000000
1400.000000
1400.000000
1400.000000
1400.000000
1400.000000
1400.000000
1400.000000
1400.000000
1400.000000
1400.000000
1400.000000
1400.000000
1400.000000
1400.000000
1400.000000
1400.000000
1400.000000
1400.000000
1400.000000
1400.000000
1400.000000
1400.000000
1400.000000
1400.000000
1400.000000
1400.000000
1400.000000
1400.000000
1400.000000
1400.000000
1400.000000
1400.000000
1400.000000
1400.000000
1400.000000
1400.000000
1400.000000
1400.000000
1400.000000
1400.000000
1400.000000
1400.000000
1400.000000
1400.000000
1400.000000
1400.000000
1400.000000
1400.000000
1400.000000
1400.000000
1400.000000
1400.000000
1400.000000
1400.000000
1400.000000
1400.000000
1400.000000
1400.000000
1400.000000
1400.000000
1400.000000
1400.000000
1400.000000
1400.000000
1400.000000
1400.000000
1400.000000
1400.000000
1400.000000
1400.000000
1400.000000
1400.000000
1400.000000
1400.000000
1400.000000
1400.000000
1400.000000
1400.000000
1400.000000
1400.000000
1400.000000
1400.000000
1400.000000
1400.000000
1400.000000
1400.000000
1400.000000
1400.000000
1400.000000
1400.000000
1400.000000
1400.000000
1400.000000
1400.000000
1400.000000
1400.000000
1400.000000
1400.000000
1400.000000
1400.000000
1400.000000
1400.000000
1400.000000
1400.000000
1400.000000
1400.000000
1400.000000
1400.000000
1400.000000
1400.000000
1400.000000
1400.000000
1400.000000
1400.000000
1400.000000
1400.000000
1400.000000
1400.000000
1400.000000
1400.000000
1400.000000
1400.000000
1400.000000
1400.000000
1400.000000
1400.000000
1400.000000
1400.000000
1400.000000
1400.000000
1400.000000
1400.000000
1400.000000
1400.000000
1400.000000
1400.000000
1400.000000
1400.000000
1400.000000
1400.000000
1400.000000
1400.000000
1400.000000
1400.000000
1400.000000
1400.000000
1400.000000
1400.000000
1400.000000
1400.000000
1400.000000
1400.000000
1400.000000
1400.000000
1400.000000
1400.000000
1400.000000
1400.000000
1400.000000
1400.000000
1400.000000
1400.000000
1400.000000
1400.000000
1400.000000
1400.000000
1400.000000
1400.000000
1400.000000
1400.000000
1400.000000
1400.000000
1400.000000
1400.000000
1400.000000
1400.000000
1400.000000
1400.000000
1400.000000
1400.000000
1400.000000
1400.000000
1400.000000
1400.000000
1400.000000
1400.000000
1400.000000
1400.000000
1400.000000
1400.000000
1400.000000
1400.000000
1400.000000
1400.000000
1400.000000
1400.000000
1400.000000
1400.000000
1400.000000
1400.000000
1400.000000
1400.000000
1400.000000
1400.000000
1400.000000
1400.000000
1400.000000
1400.000000
1400.000000
1400.000000
1400.000000
1400.000000
1400.000000
1400.000000
1400.000000
1400.000000
1400.000000
1400.000000
1400.000000
1400.000000
1400.000000
1400.000000
1400.000000
1400.000000
1400.000000
1400.000000
1400.000000
1400.000000
1400.000000
1400.000000
1400.000000
1400.000000
1400.000000
1400.000000
1400.000000
1400.000000
1400.000000
1400.000000
1400.000000
1400.000000
1400.000000
1400.000000
1400.000000
1400.000000
1400.000000
1400.000000
1400.000000
1400.000000
1400.000000
1400.000000
1400.000000
1400.000000
1400.000000
1400.000000
