0.000000
587.258606
195.752869
53.387146
88.978577
88.978577
106.774292
124.570007
160.161438
177.957153
195.752869
213.548584
213.548584
231.344299
249.140015
249.140015
302.527161
284.731445
302.527161
320.322876
355.914307
355.914307
391.505737
373.710022
409.301453
427.097168
427.097168
427.097168
462.688599
462.688599
533.871460
498.280029
498.280029
498.280029
516.075745
569.462891
676.237183
783.011475
925.377197
960.968628
1032.151489
1138.925781
1316.882935
1566.022949
1850.754395
2206.668701
2651.561768
3025.271729
3398.981689
3487.960205
2971.884521
2776.131592
2171.077393
1743.980103
1566.022949
1441.453003
1334.678711
1316.882935
1299.087280
1316.882935
1227.904419
1174.517212
1049.947266
871.990051
836.398621
960.968628
943.172913
996.560059
978.764343
1014.355774
1049.947266
1049.947266
1067.742920
1032.151489
1067.742920
1103.334351
1103.334351
1103.334351
1085.538696
1067.742920
871.990051
1067.742920
1192.312988
960.968628
1103.334351
1085.538696
1032.151489
1174.517212
1121.130127
1067.742920
1210.108643
1138.925781
1156.721558
1174.517212
1121.130127
1174.517212
1210.108643
1192.312988
1281.291504
1085.538696
1245.700073
1192.312988
1138.925781
1281.291504
1121.130127
1227.904419
1245.700073
1103.334351
1174.517212
1138.925781
1192.312988
1156.721558
1174.517212
1174.517212
1121.130127
1192.312988
1192.312988
1210.108643
1156.721558
1210.108643
1210.108643
1245.700073
1210.108643
1192.312988
1210.108643
1227.904419
1192.312988
1227.904419
1156.721558
1210.108643
1281.291504
1174.517212
1263.495850
1210.108643
1227.904419
1192.312988
1174.517212
1192.312988
1103.334351
1281.291504
1049.947266
1263.495850
1121.130127
1174.517212
1245.700073
1121.130127
1281.291504
1138.925781
1334.678711
1032.151489
1352.474365
1121.130127
1281.291504
1370.270142
960.968628
1566.022949
765.215759
1637.205811
694.032898
1690.593018
765.215759
1263.495850
1174.517212
889.785767
1405.861572
907.581482
1138.925781
1121.130127
996.560059
1067.742920
1014.355774
996.560059
978.764343
943.172913
907.581482
854.194336
836.398621
800.807190
783.011475
783.011475
1014.355774
818.602905
889.785767
907.581482
854.194336
907.581482
871.990051
871.990051
889.785767
854.194336
907.581482
889.785767
836.398621
871.990051
836.398621
818.602905
800.807190
783.011475
747.420044
765.215759
800.807190
711.828613
694.032898
711.828613
640.645752
694.032898
658.441467
622.850037
658.441467
622.850037
676.237183
658.441467
640.645752
658.441467
622.850037
622.850037
622.850037
605.054321
605.054321
605.054321
676.237183
640.645752
622.850037
605.054321
569.462891
551.667175
551.667175
516.075745
498.280029
533.871460
516.075745
498.280029
605.054321
516.075745
480.484314
516.075745
480.484314
444.892883
444.892883
427.097168
409.301453
409.301453
444.892883
498.280029
462.688599
462.688599
444.892883
444.892883
427.097168
409.301453
409.301453
391.505737
373.710022
427.097168
409.301453
391.505737
391.505737
391.505737
409.301453
409.301453
391.505737
391.505737
391.505737
373.710022
391.505737
373.710022
373.710022
355.914307
338.118591
355.914307
373.710022
355.914307
338.118591
373.710022
355.914307
338.118591
427.097168
373.710022
249.140015
605.054321
17.795715
587.258606
160.161438
516.075745
177.957153
551.667175
142.365723
605.054321
213.548584
516.075745
320.322876
355.914307
480.484314
355.914307
391.505737
409.301453
320.322876
409.301453
302.527161
409.301453
444.892883
391.505737
409.301453
427.097168
444.892883
462.688599
462.688599
427.097168
391.505737
391.505737
409.301453
427.097168
427.097168
409.301453
427.097168
444.892883
462.688599
480.484314
409.301453
462.688599
498.280029
480.484314
480.484314
498.280029
480.484314
462.688599
498.280029
516.075745
498.280029
427.097168
480.484314
516.075745
480.484314
516.075745
516.075745
533.871460
533.871460
533.871460
551.667175
533.871460
462.688599
516.075745
533.871460
533.871460
551.667175
569.462891
587.258606
551.667175
587.258606
569.462891
516.075745
551.667175
587.258606
587.258606
605.054321
605.054321
622.850037
622.850037
605.054321
640.645752
409.301453
765.215759
391.505737
729.624329
569.462891
427.097168
871.990051
284.731445
765.215759
480.484314
711.828613
391.505737
783.011475
373.710022
729.624329
373.710022
765.215759
302.527161
783.011475
338.118591
747.420044
391.505737
818.602905
355.914307
800.807190
409.301453
818.602905
302.527161
871.990051
266.935730
836.398621
462.688599
658.441467
605.054321
676.237183
658.441467
694.032898
676.237183
711.828613
765.215759
729.624329
747.420044
658.441467
658.441467
765.215759
729.624329
747.420044
783.011475
836.398621
783.011475
854.194336
871.990051
907.581482
889.785767
943.172913
943.172913
925.377197
871.990051
889.785767
943.172913
978.764343
943.172913
996.560059
978.764343
1014.355774
1121.130127
1103.334351
1138.925781
1138.925781
1138.925781
1174.517212
1210.108643
1227.904419
1263.495850
1245.700073
1299.087280
1227.904419
1334.678711
1281.291504
1334.678711
1423.657227
1405.861572
1477.044434
1512.635864
1530.431519
1601.614380
1566.022949
1583.818726
1619.410156
1601.614380
1637.205811
1672.797241
1156.721558
1993.120117
1174.517212
1886.345825
1601.614380
1477.044434
1815.162964
1637.205811
1512.635864
1743.980103
1601.614380
1601.614380
1708.388672
1530.431519
1726.184448
1672.797241
1655.001587
1743.980103
1672.797241
1761.775879
1779.571533
1726.184448
1779.571533
1726.184448
1832.958740
1815.162964
1743.980103
1921.937256
1904.141602
2028.711548
2117.690186
2242.260254
2384.625977
2402.421631
2117.690186
1886.345825
1904.141602
1939.733032
1904.141602
1939.733032
1939.733032
2046.507324
2064.302979
2046.507324
2082.098877
2117.690186
2171.077393
2082.098877
2046.507324
1815.162964
2064.302979
1975.324463
1921.937256
2171.077393
1921.937256
1957.528687
1975.324463
1957.528687
1993.120117
1975.324463
1797.367310
1904.141602
2064.302979
1619.410156
2117.690186
1708.388672
1904.141602
1743.980103
2010.915894
1743.980103
1868.550171
1850.754395
1797.367310
1761.775879
1726.184448
1601.614380
1601.614380
1459.248657
1494.840088
1477.044434
1459.248657
1494.840088
1494.840088
1566.022949
1512.635864
1477.044434
1494.840088
1423.657227
1370.270142
1316.882935
1281.291504
1245.700073
1210.108643
1121.130127
1085.538696
1049.947266
1067.742920
1014.355774
1227.904419
1174.517212
1014.355774
1174.517212
1014.355774
1049.947266
1103.334351
978.764343
1032.151489
996.560059
960.968628
960.968628
943.172913
889.785767
1014.355774
978.764343
907.581482
978.764343
889.785767
907.581482
907.581482
854.194336
818.602905
836.398621
800.807190
765.215759
747.420044
711.828613
658.441467
622.850037
605.054321
569.462891
444.892883
266.935730
177.957153
231.344299
338.118591
409.301453
427.097168
409.301453
480.484314
516.075745
462.688599
480.484314
498.280029
498.280029
480.484314
605.054321
480.484314
587.258606
480.484314
444.892883
569.462891
373.710022
640.645752
409.301453
480.484314
587.258606
284.731445
676.237183
302.527161
747.420044
266.935730
516.075745
462.688599
444.892883
373.710022
605.054321
320.322876
676.237183
231.344299
676.237183
284.731445
587.258606
427.097168
516.075745
355.914307
622.850037
231.344299
640.645752
266.935730
533.871460
231.344299
658.441467
302.527161
444.892883
533.871460
266.935730
676.237183
231.344299
622.850037
249.140015
640.645752
231.344299
622.850037
249.140015
587.258606
231.344299
658.441467
213.548584
605.054321
302.527161
640.645752
302.527161
658.441467
302.527161
694.032898
249.140015
676.237183
284.731445
711.828613
195.752869
676.237183
373.710022
569.462891
409.301453
587.258606
427.097168
462.688599
658.441467
302.527161
676.237183
266.935730
747.420044
177.957153
658.441467
480.484314
533.871460
516.075745
444.892883
462.688599
480.484314
498.280029
462.688599
498.280029
391.505737
444.892883
551.667175
338.118591
498.280029
516.075745
462.688599
516.075745
462.688599
516.075745
444.892883
533.871460
480.484314
569.462891
498.280029
587.258606
569.462891
569.462891
622.850037
605.054321
533.871460
622.850037
640.645752
551.667175
569.462891
587.258606
533.871460
605.054321
622.850037
640.645752
658.441467
694.032898
800.807190
889.785767
836.398621
907.581482
1032.151489
978.764343
1032.151489
1103.334351
1138.925781
1156.721558
800.807190
996.560059
978.764343
925.377197
960.968628
943.172913
889.785767
907.581482
960.968628
889.785767
960.968628
978.764343
996.560059
1014.355774
1049.947266
1067.742920
1032.151489
1067.742920
1103.334351
1103.334351
1103.334351
1156.721558
1156.721558
1174.517212
1192.312988
1210.108643
1227.904419
1263.495850
1299.087280
1299.087280
1334.678711
1316.882935
1316.882935
1459.248657
1405.861572
1477.044434
1477.044434
943.172913
1779.571533
1210.108643
1494.840088
1388.065796
1459.248657
1494.840088
1245.700073
1690.593018
1138.925781
1637.205811
1210.108643
1566.022949
1192.312988
1601.614380
1121.130127
1672.797241
1121.130127
1619.410156
1245.700073
1352.474365
1566.022949
1067.742920
1672.797241
1210.108643
1477.044434
1388.065796
1316.882935
1441.453003
1370.270142
1441.453003
1423.657227
1405.861572
1441.453003
1423.657227
1245.700073
1281.291504
1494.840088
1352.474365
1352.474365
1477.044434
1441.453003
1459.248657
1530.431519
1530.431519
1512.635864
1512.635864
1530.431519
1530.431519
1512.635864
1530.431519
1548.227295
1566.022949
1530.431519
1548.227295
1530.431519
1583.818726
1619.410156
1583.818726
1708.388672
1743.980103
1708.388672
1690.593018
1726.184448
1726.184448
1690.593018
1388.065796
1886.345825
1316.882935
1761.775879
1530.431519
1512.635864
1868.550171
1405.861572
1868.550171
1388.065796
1708.388672
1690.593018
1370.270142
1708.388672
1477.044434
1548.227295
1637.205811
1459.248657
1601.614380
1583.818726
1512.635864
1619.410156
1512.635864
1316.882935
1708.388672
1210.108643
1690.593018
1210.108643
1494.840088
1494.840088
1334.678711
1494.840088
1423.657227
1316.882935
1441.453003
1388.065796
1316.882935
1388.065796
1334.678711
1352.474365
1352.474365
1334.678711
1352.474365
1334.678711
1334.678711
1352.474365
1316.882935
1334.678711
1316.882935
1334.678711
1245.700073
1334.678711
1227.904419
1316.882935
1352.474365
1085.538696
1459.248657
871.990051
1548.227295
818.602905
1530.431519
907.581482
1441.453003
960.968628
1334.678711
1210.108643
1032.151489
1388.065796
1085.538696
1405.861572
1210.108643
1227.904419
1334.678711
1210.108643
1299.087280
1316.882935
1245.700073
1299.087280
1263.495850
1103.334351
1334.678711
1192.312988
1103.334351
1583.818726
783.011475
1637.205811
836.398621
1566.022949
960.968628
1548.227295
1085.538696
1352.474365
1210.108643
1299.087280
1299.087280
1227.904419
1281.291504
1227.904419
1299.087280
1263.495850
1263.495850
1174.517212
1227.904419
1388.065796
960.968628
1548.227295
978.764343
1316.882935
1210.108643
1245.700073
1210.108643
1245.700073
1156.721558
1227.904419
1174.517212
1192.312988
1227.904419
1085.538696
1245.700073
1192.312988
1192.312988
1245.700073
1210.108643
1263.495850
1210.108643
1210.108643
1281.291504
1210.108643
1210.108643
1263.495850
1174.517212
1316.882935
1067.742920
1334.678711
1138.925781
1192.312988
1388.065796
1049.947266
1299.087280
1156.721558
1156.721558
1299.087280
1121.130127
1245.700073
1245.700073
1121.130127
1245.700073
1227.904419
1049.947266
1334.678711
1067.742920
1281.291504
1245.700073
1138.925781
1370.270142
1049.947266
1548.227295
818.602905
1601.614380
800.807190
1477.044434
1227.904419
1067.742920
1459.248657
996.560059
1299.087280
1174.517212
1138.925781
1245.700073
1156.721558
1192.312988
1227.904419
1156.721558
1245.700073
1227.904419
1121.130127
1245.700073
1299.087280
996.560059
1566.022949
871.990051
1530.431519
960.968628
1388.065796
1067.742920
1459.248657
925.377197
1494.840088
1032.151489
1192.312988
1405.861572
978.764343
1388.065796
1103.334351
1192.312988
1334.678711
1067.742920
1281.291504
1245.700073
1156.721558
1281.291504
1192.312988
1210.108643
1299.087280
1174.517212
1299.087280
1192.312988
1067.742920
1227.904419
1334.678711
907.581482
1637.205811
783.011475
1548.227295
996.560059
1334.678711
1334.678711
907.581482
1566.022949
889.785767
1388.065796
1263.495850
925.377197
1477.044434
836.398621
1459.248657
1192.312988
1049.947266
1441.453003
996.560059
1370.270142
1281.291504
1103.334351
1405.861572
1227.904419
1227.904419
1352.474365
1103.334351
1014.355774
1334.678711
1388.065796
1281.291504
1316.882935
1334.678711
1281.291504
1263.495850
1281.291504
1263.495850
1263.495850
1281.291504
1263.495850
1263.495850
1263.495850
1263.495850
1245.700073
1281.291504
1281.291504
1281.291504
1281.291504
1263.495850
1245.700073
1263.495850
1245.700073
1245.700073
1245.700073
1227.904419
1210.108643
1192.312988
1192.312988
0.000000
