0.000000
355.914307
213.548584
71.182861
35.591431
124.570007
88.978577
124.570007
142.365723
160.161438
177.957153
177.957153
195.752869
213.548584
249.140015
249.140015
266.935730
266.935730
249.140015
266.935730
338.118591
338.118591
373.710022
427.097168
444.892883
462.688599
533.871460
605.054321
676.237183
729.624329
711.828613
800.807190
818.602905
907.581482
925.377197
1032.151489
1121.130127
1192.312988
1192.312988
1281.291504
1423.657227
1477.044434
1637.205811
1708.388672
1743.980103
1708.388672
1815.162964
1957.528687
2082.098877
2171.077393
2455.808838
2758.335938
3007.476074
3274.411621
3185.433105
2580.378906
1939.733032
1281.291504
676.237183
854.194336
836.398621
836.398621
889.785767
943.172913
1014.355774
1192.312988
1423.657227
1566.022949
1477.044434
1085.538696
889.785767
1067.742920
1049.947266
1049.947266
1049.947266
1067.742920
1103.334351
1138.925781
1138.925781
1174.517212
1192.312988
1192.312988
1227.904419
1245.700073
1299.087280
1352.474365
871.990051
1388.065796
1192.312988
1334.678711
1138.925781
1441.453003
960.968628
1477.044434
1192.312988
1227.904419
1210.108643
1405.861572
943.172913
1477.044434
1156.721558
1263.495850
1245.700073
1227.904419
1227.904419
1316.882935
1121.130127
1174.517212
1352.474365
978.764343
1477.044434
783.011475
1441.453003
960.968628
1441.453003
854.194336
1405.861572
925.377197
1370.270142
943.172913
1352.474365
1085.538696
1388.065796
978.764343
1388.065796
1032.151489
1352.474365
1085.538696
1316.882935
1138.925781
1334.678711
1103.334351
1334.678711
1014.355774
1388.065796
1014.355774
1405.861572
1103.334351
1334.678711
1156.721558
1245.700073
1210.108643
1210.108643
1227.904419
960.968628
1388.065796
978.764343
1245.700073
1227.904419
1156.721558
1299.087280
1263.495850
1334.678711
1263.495850
1227.904419
1388.065796
1263.495850
1174.517212
1334.678711
1156.721558
1210.108643
1210.108643
1245.700073
1245.700073
1245.700073
1281.291504
1227.904419
1334.678711
1334.678711
1316.882935
1423.657227
1459.248657
1494.840088
1601.614380
1761.775879
1690.593018
1512.635864
1494.840088
1512.635864
1530.431519
1566.022949
1548.227295
1388.065796
1566.022949
1548.227295
1459.248657
1548.227295
1566.022949
1512.635864
1459.248657
1566.022949
1494.840088
1477.044434
1637.205811
1477.044434
1583.818726
1566.022949
1601.614380
1655.001587
1690.593018
1761.775879
1797.367310
1904.141602
1868.550171
1797.367310
1779.571533
1797.367310
1797.367310
1370.270142
2028.711548
1370.270142
2010.915894
1583.818726
2117.690186
1619.410156
2010.915894
1939.733032
1690.593018
1939.733032
1761.775879
1779.571533
1868.550171
1815.162964
1779.571533
1832.958740
1832.958740
1904.141602
1832.958740
1797.367310
1904.141602
2010.915894
1993.120117
2028.711548
2153.281738
2295.647461
2366.830322
2295.647461
2135.485840
2046.507324
2010.915894
1993.120117
1993.120117
1993.120117
1993.120117
1957.528687
1957.528687
2082.098877
1743.980103
2206.668701
1779.571533
2188.873047
1868.550171
2117.690186
1868.550171
2064.302979
2028.711548
1921.937256
1993.120117
1957.528687
1939.733032
1975.324463
1957.528687
1975.324463
1975.324463
2028.711548
2046.507324
1993.120117
1868.550171
1957.528687
1975.324463
1957.528687
1939.733032
1957.528687
2010.915894
1939.733032
1921.937256
2010.915894
1957.528687
1904.141602
1904.141602
1975.324463
1993.120117
1975.324463
1939.733032
1957.528687
1957.528687
1939.733032
1939.733032
1921.937256
1904.141602
1815.162964
1904.141602
1832.958740
1868.550171
1921.937256
1868.550171
1868.550171
1886.345825
1939.733032
1921.937256
1939.733032
1886.345825
1939.733032
1921.937256
1921.937256
1868.550171
1886.345825
1672.797241
2028.711548
1566.022949
2064.302979
1601.614380
2117.690186
1566.022949
2117.690186
1583.818726
2135.485840
1619.410156
2117.690186
1601.614380
2010.915894
1637.205811
1957.528687
1832.958740
1726.184448
1779.571533
1761.775879
1815.162964
1761.775879
1726.184448
1779.571533
1743.980103
1583.818726
1815.162964
1637.205811
1832.958740
1708.388672
1815.162964
1761.775879
1708.388672
1779.571533
1761.775879
1743.980103
1743.980103
1690.593018
1619.410156
1726.184448
1672.797241
1726.184448
1690.593018
1708.388672
1726.184448
1743.980103
1779.571533
1743.980103
1708.388672
1672.797241
1726.184448
1655.001587
1637.205811
1743.980103
1655.001587
1637.205811
1619.410156
1672.797241
1655.001587
1672.797241
1655.001587
1672.797241
1637.205811
1708.388672
1690.593018
1743.980103
1761.775879
1832.958740
1868.550171
1921.937256
1904.141602
1815.162964
1868.550171
1868.550171
1832.958740
1815.162964
1494.840088
1939.733032
1548.227295
1993.120117
1494.840088
2010.915894
1530.431519
2082.098877
1512.635864
2010.915894
1637.205811
1921.937256
1583.818726
1957.528687
1530.431519
1832.958740
1583.818726
1708.388672
1566.022949
1726.184448
1494.840088
1708.388672
1530.431519
1743.980103
1370.270142
1494.840088
1655.001587
1494.840088
1494.840088
1530.431519
1441.453003
1405.861572
1477.044434
1441.453003
1477.044434
1494.840088
1405.861572
1405.861572
1441.453003
1370.270142
1405.861572
1352.474365
1227.904419
1281.291504
1227.904419
1227.904419
1227.904419
1210.108643
1192.312988
1138.925781
1156.721558
1245.700073
1156.721558
1174.517212
1156.721558
1103.334351
1103.334351
1049.947266
1049.947266
1014.355774
996.560059
996.560059
889.785767
818.602905
747.420044
694.032898
729.624329
871.990051
943.172913
854.194336
925.377197
960.968628
889.785767
943.172913
871.990051
854.194336
871.990051
889.785767
836.398621
783.011475
783.011475
800.807190
729.624329
694.032898
587.258606
533.871460
533.871460
605.054321
765.215759
783.011475
765.215759
800.807190
783.011475
765.215759
765.215759
747.420044
711.828613
676.237183
676.237183
622.850037
587.258606
516.075745
444.892883
338.118591
284.731445
284.731445
373.710022
569.462891
658.441467
533.871460
569.462891
587.258606
516.075745
533.871460
516.075745
462.688599
480.484314
427.097168
427.097168
373.710022
391.505737
409.301453
498.280029
480.484314
444.892883
444.892883
444.892883
427.097168
427.097168
444.892883
480.484314
498.280029
480.484314
516.075745
605.054321
587.258606
533.871460
516.075745
569.462891
605.054321
622.850037
622.850037
605.054321
605.054321
605.054321
587.258606
640.645752
694.032898
747.420044
765.215759
783.011475
800.807190
854.194336
925.377197
1032.151489
1103.334351
1156.721558
1156.721558
1103.334351
1067.742920
978.764343
1014.355774
1103.334351
1138.925781
1085.538696
1085.538696
1121.130127
1227.904419
1316.882935
1441.453003
1601.614380
1797.367310
1886.345825
1975.324463
2171.077393
2295.647461
2438.013184
2544.787354
2349.034424
2420.217285
1921.937256
2099.894531
1743.980103
1299.087280
1405.861572
1370.270142
1388.065796
1388.065796
1441.453003
1405.861572
1423.657227
1477.044434
1530.431519
1601.614380
1601.614380
1672.797241
1601.614380
1690.593018
1726.184448
1743.980103
1797.367310
1815.162964
1886.345825
1904.141602
1904.141602
2010.915894
2153.281738
2349.034424
2473.604492
2562.583008
2687.153076
2776.131592
2793.927490
2687.153076
2438.013184
2028.711548
1815.162964
1921.937256
1904.141602
1850.754395
1886.345825
1850.754395
1868.550171
1886.345825
1886.345825
1583.818726
2064.302979
1708.388672
2064.302979
1708.388672
2099.894531
1761.775879
1993.120117
1904.141602
1868.550171
1921.937256
1868.550171
1868.550171
1850.754395
1886.345825
1904.141602
1886.345825
1690.593018
1939.733032
1868.550171
1957.528687
1850.754395
1939.733032
1921.937256
1886.345825
1886.345825
1850.754395
1868.550171
1904.141602
1886.345825
1850.754395
1815.162964
1904.141602
1832.958740
1868.550171
1904.141602
1939.733032
1975.324463
1868.550171
1904.141602
1921.937256
1939.733032
1939.733032
1939.733032
1619.410156
1993.120117
1672.797241
2010.915894
1672.797241
1939.733032
1743.980103
1904.141602
1832.958740
1761.775879
1850.754395
1886.345825
1832.958740
1868.550171
1886.345825
1886.345825
1939.733032
1904.141602
1886.345825
1904.141602
1690.593018
2028.711548
1619.410156
2099.894531
1601.614380
2064.302979
1743.980103
2117.690186
1637.205811
2082.098877
1743.980103
2028.711548
1743.980103
1957.528687
1904.141602
1850.754395
1886.345825
1832.958740
1886.345825
1868.550171
1868.550171
1832.958740
1850.754395
1655.001587
1904.141602
1583.818726
1921.937256
1779.571533
1779.571533
1957.528687
1601.614380
2028.711548
1566.022949
2064.302979
1423.657227
1993.120117
1477.044434
1939.733032
1566.022949
1672.797241
1708.388672
1637.205811
1637.205811
1655.001587
1566.022949
1583.818726
1637.205811
1548.227295
1619.410156
1566.022949
1512.635864
1494.840088
1477.044434
1494.840088
1405.861572
1299.087280
1334.678711
1334.678711
1388.065796
1388.065796
1388.065796
1370.270142
1352.474365
1299.087280
1334.678711
1352.474365
1316.882935
1316.882935
1316.882935
1263.495850
1263.495850
1263.495850
1263.495850
1334.678711
1281.291504
1192.312988
1263.495850
1227.904419
1174.517212
1227.904419
1156.721558
1156.721558
1156.721558
1138.925781
1121.130127
1067.742920
1103.334351
1085.538696
1067.742920
1067.742920
1014.355774
1014.355774
978.764343
1014.355774
1014.355774
960.968628
1085.538696
1014.355774
960.968628
1156.721558
836.398621
1192.312988
871.990051
1227.904419
871.990051
1263.495850
871.990051
1174.517212
978.764343
1138.925781
996.560059
1174.517212
907.581482
1245.700073
925.377197
1156.721558
960.968628
1067.742920
1014.355774
978.764343
1049.947266
1032.151489
925.377197
889.785767
925.377197
907.581482
1014.355774
1014.355774
996.560059
996.560059
1014.355774
996.560059
978.764343
978.764343
978.764343
996.560059
996.560059
1014.355774
996.560059
925.377197
943.172913
925.377197
907.581482
889.785767
889.785767
889.785767
925.377197
925.377197
925.377197
871.990051
889.785767
854.194336
854.194336
854.194336
854.194336
783.011475
800.807190
800.807190
783.011475
800.807190
818.602905
800.807190
800.807190
818.602905
871.990051
800.807190
836.398621
889.785767
818.602905
871.990051
854.194336
854.194336
836.398621
871.990051
818.602905
943.172913
783.011475
996.560059
729.624329
1032.151489
800.807190
996.560059
783.011475
1085.538696
836.398621
1014.355774
1014.355774
925.377197
978.764343
978.764343
943.172913
978.764343
943.172913
996.560059
1014.355774
1049.947266
1121.130127
1067.742920
1067.742920
1138.925781
1138.925781
1174.517212
1174.517212
871.990051
1174.517212
1103.334351
1138.925781
1156.721558
1174.517212
1085.538696
1227.904419
1121.130127
1103.334351
1299.087280
871.990051
1530.431519
854.194336
1441.453003
889.785767
1405.861572
889.785767
1441.453003
818.602905
1441.453003
871.990051
1334.678711
925.377197
1352.474365
1032.151489
1263.495850
1121.130127
1281.291504
1085.538696
1299.087280
1032.151489
1281.291504
1032.151489
1245.700073
1049.947266
1299.087280
1014.355774
1281.291504
1032.151489
1334.678711
996.560059
1352.474365
943.172913
1370.270142
943.172913
1299.087280
943.172913
1245.700073
960.968628
1316.882935
925.377197
1316.882935
889.785767
1174.517212
1281.291504
1316.882935
1121.130127
1352.474365
960.968628
1352.474365
996.560059
1299.087280
1085.538696
1227.904419
1227.904419
1067.742920
1299.087280
1085.538696
1227.904419
1192.312988
1192.312988
1049.947266
1121.130127
1263.495850
925.377197
1423.657227
783.011475
1423.657227
854.194336
1494.840088
925.377197
1334.678711
1085.538696
1281.291504
1121.130127
1281.291504
1121.130127
1281.291504
1085.538696
1316.882935
1014.355774
1334.678711
1049.947266
1316.882935
1103.334351
1281.291504
1174.517212
1210.108643
1210.108643
1192.312988
1192.312988
1085.538696
1121.130127
1245.700073
978.764343
1370.270142
889.785767
1388.065796
996.560059
1405.861572
818.602905
1316.882935
1281.291504
1067.742920
1352.474365
1032.151489
1405.861572
1067.742920
1334.678711
1067.742920
1299.087280
1032.151489
1405.861572
960.968628
1423.657227
925.377197
1423.657227
925.377197
1405.861572
1032.151489
1494.840088
871.990051
1548.227295
925.377197
1548.227295
1014.355774
1583.818726
996.560059
1494.840088
1138.925781
1477.044434
1049.947266
1477.044434
1049.947266
1477.044434
1049.947266
1388.065796
1085.538696
1299.087280
1245.700073
1156.721558
1316.882935
1049.947266
1352.474365
1049.947266
1334.678711
1227.904419
1156.721558
1263.495850
1192.312988
1174.517212
1245.700073
1245.700073
1299.087280
1316.882935
1032.151489
1494.840088
978.764343
1459.248657
996.560059
1423.657227
1085.538696
1370.270142
1103.334351
1388.065796
996.560059
1459.248657
978.764343
1477.044434
978.764343
1352.474365
943.172913
1441.453003
925.377197
1477.044434
871.990051
1423.657227
871.990051
1477.044434
889.785767
1388.065796
1103.334351
1192.312988
1334.678711
1316.882935
1245.700073
1263.495850
1334.678711
1281.291504
1281.291504
1263.495850
1245.700073
1210.108643
1210.108643
1210.108643
1227.904419
1263.495850
1227.904419
1210.108643
1156.721558
1138.925781
1156.721558
1192.312988
1210.108643
1174.517212
1138.925781
1085.538696
1032.151489
996.560059
996.560059
1049.947266
1138.925781
1227.904419
0.000000
