0.000000
1330.546997
1315.272095
1324.000122
1317.453979
1315.272095
1321.817993
1319.635986
1324.000122
1324.000122
1328.364624
1330.546997
1337.094849
1341.460815
1337.094849
1341.460815
1341.460815
1345.827393
1334.912109
1358.931519
1358.931519
1358.931519
1356.746948
1358.931519
1341.460815
1330.546997
1326.182251
1326.182251
1317.453979
1319.635986
1317.453979
1324.000122
1315.272095
1324.000122
1324.000122
1326.182251
1317.453979
1321.817993
1324.000122
1330.546997
1171.003540
1334.912109
1433.389160
1345.827393
1348.010986
1328.364624
1345.827393
1352.378540
1352.378540
1354.562622
1343.644043
1352.378540
1358.931519
1361.116211
1345.827393
1367.671875
1369.857544
1378.602905
1369.857544
1354.562622
1356.746948
1352.378540
1343.644043
1324.000122
1326.182251
1321.817993
1321.817993
1324.000122
1319.635986
1324.000122
1324.000122
1339.277832
1348.010986
1350.194702
1350.194702
1339.277832
1339.277832
1328.364624
1332.729492
1326.182251
1341.460815
1343.644043
1348.010986
1324.000122
1363.301147
1350.194702
1350.194702
1337.094849
1337.094849
1326.182251
1332.729492
1310.908447
1319.635986
1317.453979
1308.726685
1313.090210
1304.363281
1300.000732
1084.915405
1302.181641
1300.000732
1297.818359
1302.181641
1300.000732
1304.363281
1310.908447
1300.000732
1289.091553
1297.818359
1284.727905
1284.727905
1271.635376
1230.142456
1256.355957
1245.437378
1262.905151
1236.698853
1245.437378
1241.068481
1260.722168
1254.172607
1265.087891
1271.635376
1275.999878
1280.364014
1278.182007
1282.546021
1273.817749
1271.635376
1260.722168
1254.172607
1238.883789
1236.698853
1227.956543
1254.172607
1265.087891
1267.270508
1275.999878
1291.273315
1300.000732
1300.000732
1265.087891
1319.635986
1313.090210
1304.363281
1308.726685
1300.000732
1300.000732
1295.636719
1330.546997
1306.545044
1319.635986
1330.546997
1348.010986
1356.746948
1385.165039
1407.060791
1428.996460
1461.993042
1479.645508
1510.644043
1521.751465
1643.284180
1573.133789
1604.673706
1634.166382
1645.566895
1661.584351
1686.895996
1689.205933
1710.066162
1719.379028
1719.379028
1728.718750
1724.045532
1721.711426
1717.048340
1712.391846
1714.719238
1733.398682
1726.381226
1721.711426
1738.085693
1740.431763
1745.129272
1763.991455
1752.188843
1787.738037
1799.685059
1811.683105
1804.478027
1830.989380
1857.766113
1867.572021
1857.766113
1892.254883
1899.707886
1904.689331
1904.689331
1907.183960
1917.188110
1932.273804
1962.741699
1947.457275
1955.086670
1967.859375
1970.422729
1978.130005
1980.705078
2001.414307
2004.016846
2030.216187
2035.494873
2051.411133
2067.450195
2078.212646
2097.185791
2108.108643
2113.592529
2124.606201
2158.024902
2144.030518
2146.821289
2158.024902
2163.651123
2160.835938
2149.615967
2177.790039
2183.475098
2180.630371
2206.388916
2183.475098
2197.763428
2177.790039
2192.035156
2186.324219
2197.763428
2192.035156
2192.035156
2189.177490
2197.763428
2192.035156
2189.177490
2177.790039
2192.035156
2177.790039
2183.475098
2197.763428
2206.388916
2203.509277
2203.509277
2209.272705
2215.054199
2209.272705
2206.388916
2215.054199
2212.161377
2212.161377
2215.054199
2197.763428
2212.161377
2203.509277
2212.161377
2220.853760
2215.054199
2215.054199
2209.272705
2212.161377
2209.272705
2220.853760
2229.587402
2209.272705
2209.272705
2217.951660
2215.054199
2217.951660
2197.763428
2212.161377
2203.509277
2200.634033
2203.509277
2212.161377
2203.509277
2203.509277
2197.763428
2197.763428
2194.896973
2186.324219
2192.035156
2186.324219
2186.324219
2169.294189
2163.651123
2160.835938
2158.024902
2169.294189
2158.024902
2146.821289
2135.682129
2108.108643
2108.108643
2089.032715
2094.464355
2086.322266
2064.768311
2038.139160
2062.089844
2046.092285
2054.075684
2070.135498
2094.464355
2030.216187
2040.786865
2040.786865
2011.843140
2014.458252
1998.814941
2001.414307
1983.283203
1988.448242
1985.864136
1985.864136
1991.035278
1993.625488
1991.035278
1991.035278
1985.864136
1965.299194
1960.187134
1960.187134
1942.385010
1934.797485
1939.853149
1942.385010
1947.457275
1952.540771
1983.283203
1960.187134
1965.299194
1955.086670
1949.997559
1942.385010
1934.797485
1914.683105
1917.188110
1909.681030
1892.254883
1892.254883
1887.298706
1902.197388
1897.221069
1889.775513
1929.752808
1887.298706
1894.736694
1887.298706
1904.689331
1912.180786
1919.695679
1922.205933
2032.853882
1939.853149
1947.457275
1922.205933
1955.086670
1970.422729
1970.422729
1975.557983
1983.283203
1996.218628
1993.625488
2014.458252
2024.950562
2030.216187
2030.216187
2035.494873
2040.786865
2024.950562
2004.016846
1993.625488
1983.283203
1978.130005
1960.187134
1967.859375
1962.741699
1960.187134
1970.422729
1975.557983
1988.448242
1962.741699
1942.385010
1924.718872
1902.197388
1877.415894
1855.320435
1826.149902
1804.478027
1785.354736
1747.480713
1756.904419
1728.718750
1724.045532
1712.391846
1705.419434
1691.517578
1679.975098
1641.002686
1634.166382
1609.197632
1573.133789
1546.263550
1523.975464
1492.912964
1475.228516
1453.181763
1411.444458
1380.790039
1374.229736
1348.010986
1326.182251
1308.726685
1289.091553
1271.635376
1251.989014
1243.253052
1238.883789
1208.269897
1201.701782
1192.939209
1179.783203
1171.003540
1151.220459
1124.771484
1107.087036
1089.355957
1053.736450
1038.079590
1017.876831
981.740234
970.384705
945.288574
936.121826
917.719421
915.412476
903.854797
899.220886
880.620911
882.951660
868.942139
873.618713
850.166138
861.914307
861.914307
850.166138
840.735107
824.159302
809.876526
809.876526
773.850037
771.431396
752.002563
732.428040
727.510864
707.745178
700.292053
690.318970
672.765503
662.676086
652.542725
637.258301
634.700867
637.258301
627.011169
624.442017
608.964661
606.374512
601.185059
590.768799
588.156860
553.907776
540.584961
524.483215
500.089050
486.407410
464.317871
444.782166
427.878113
405.102997
402.236603
399.365906
382.048248
384.945709
384.945709
376.239563
393.611206
399.365906
405.102997
402.236603
405.102997
402.236603
399.365906
399.365906
396.490753
416.524841
407.964874
416.524841
422.209930
430.705811
427.878113
441.975189
461.539093
478.152924
489.151306
540.584961
548.588867
590.768799
627.011169
652.542725
672.765503
715.175720
744.679504
773.850037
812.261902
847.811157
880.620911
926.932312
972.658325
1013.375671
1044.795410
1087.136108
1102.658813
1135.802612
1166.610840
1184.170166
1212.646851
1245.437378
1249.805298
1265.087891
1302.181641
1310.908447
1330.546997
1343.644043
1374.229736
1380.790039
1400.488281
1426.800781
1446.579346
1464.197388
1464.197388
1508.424927
1506.206665
1526.200317
1546.263550
1555.204590
1586.624390
1588.876587
1618.259766
1645.566895
1657.001099
1689.205933
1700.779175
1738.085693
1754.545654
1775.840698
1804.478027
1833.412476
1889.775513
1889.775513
1907.183960
1927.234497
1955.086670
1962.741699
1975.557983
1983.283203
1996.218628
2001.414307
2027.581787
2017.076538
2024.950562
2032.853882
2030.216187
2030.216187
2024.950562
2001.414307
2019.697876
2014.458252
2004.016846
2019.697876
2022.322632
2017.076538
2019.697876
2027.581787
2032.853882
2024.950562
2035.494873
2024.950562
2027.581787
2032.853882
2038.139160
2046.092285
2070.135498
2070.135498
2086.322266
2113.592529
2097.185791
2113.592529
2110.848633
2108.108643
2110.848633
2155.217773
2116.340332
2121.847168
2138.460938
2127.369385
2144.030518
2144.030518
2152.414795
2132.907227
2121.847168
2127.369385
2121.847168
2116.340332
2110.848633
2110.848633
2113.592529
2110.848633
2116.340332
2121.847168
2119.091797
2124.606201
2141.243652
2119.091797
2124.606201
2138.460938
2124.606201
2132.907227
2127.369385
2127.369385
2130.136475
2130.136475
2127.369385
2127.369385
2124.606201
2132.907227
2130.136475
2132.907227
2141.243652
2144.030518
2035.494873
2119.091797
2083.615479
2075.516846
2080.912354
2075.516846
2054.075684
2048.750000
2035.494873
2059.415039
2067.450195
2075.516846
2072.824463
2072.824463
2086.322266
2094.464355
2089.032715
2086.322266
2089.032715
2094.464355
2097.185791
2089.032715
2091.746826
2094.464355
2083.615479
2083.615479
2209.272705
2067.450195
2064.768311
1972.988892
2067.450195
2067.450195
2094.464355
2089.032715
2083.615479
2086.322266
2091.746826
2091.746826
2089.032715
2097.185791
2099.910889
2067.450195
2056.743652
2035.494873
2027.581787
2006.622437
1983.283203
1983.283203
1975.557983
1967.859375
1962.741699
1962.741699
1960.187134
1955.086670
1934.797485
1907.183960
1884.824341
1857.766113
1650.136475
1794.900269
1763.991455
1747.480713
1719.379028
1712.391846
1682.280518
1682.280518
1666.173340
1650.136475
1645.566895
1641.002686
1625.069336
1618.259766
1606.935059
1573.133789
1566.402710
1544.030640
1519.528320
1495.126709
1468.607910
1442.180542
1415.829834
1396.108398
1374.229736
1350.194702
1337.094849
1326.182251
1317.453979
1133.597656
1289.091553
1289.091553
1291.273315
1280.364014
1291.273315
1267.270508
1273.817749
1262.905151
1265.087891
1245.437378
1238.883789
1234.513672
1219.209961
1201.701782
1181.976929
1164.413818
1149.019653
1129.185913
1109.300049
1100.443604
1098.227661
1084.915405
1089.355957
1089.355957
1084.915405
1104.873291
1093.793335
1098.227661
1089.355957
1091.575073
1089.355957
1098.227661
1096.010864
1089.355957
1096.010864
1104.873291
1115.934814
1111.512329
1113.723999
1113.723999
1115.934814
1115.934814
1120.354492
1111.512329
1113.723999
1113.723999
1109.300049
1118.145020
1104.873291
1091.575073
1098.227661
1089.355957
1062.662476
1053.736450
1035.838989
1024.620483
1017.876831
997.586487
1006.615662
999.845459
999.845459
999.845459
1002.103333
999.845459
1002.103333
986.273743
972.658325
954.433105
942.998962
942.998962
899.220886
896.901550
885.280701
864.258667
852.519287
843.095581
828.904724
824.159302
814.645264
812.261902
805.099792
802.708374
802.708374
805.099792
790.720703
805.099792
802.708374
805.099792
805.099792
814.645264
814.645264
824.159302
838.372803
847.811157
840.735107
850.166138
861.914307
857.220398
857.220398
861.914307
864.258667
871.281311
859.568237
866.601257
864.258667
873.618713
880.620911
906.169434
899.220886
913.104004
922.328857
926.932312
961.277405
970.384705
981.740234
1015.626770
1022.373657
1044.795410
1071.573975
1082.693970
1100.443604
1104.873291
1100.443604
1129.185913
1144.616333
1160.018188
1175.394287
1197.321289
1208.269897
1221.397095
1230.142456
1247.621460
1236.698853
1243.253052
1238.883789
1230.142456
1227.956543
1221.397095
1219.209961
1225.770264
1225.770264
1227.956543
1227.956543
1225.770264
1225.770264
1225.770264
1223.583862
1225.770264
1227.956543
1227.956543
1238.883789
1230.142456
1243.253052
1245.437378
1238.883789
1238.883789
1241.068481
1238.883789
1238.883789
1221.397095
1225.770264
1230.142456
1225.770264
1236.698853
1243.253052
1236.698853
1238.883789
1243.253052
1230.142456
1230.142456
1219.209961
1225.770264
1230.142456
1230.142456
1230.142456
1238.883789
1238.883789
1230.142456
1236.698853
1251.989014
1227.956543
1230.142456
1225.770264
1223.583862
1225.770264
1225.770264
1223.583862
1225.770264
1217.022583
1230.142456
1223.583862
1230.142456
1124.771484
1260.722168
1245.437378
1249.805298
1254.172607
1258.539185
1258.539185
1271.635376
1275.999878
1343.644043
1280.364014
1282.546021
1289.091553
1278.182007
1265.087891
1282.546021
1278.182007
1269.453003
1258.539185
1256.355957
1254.172607
1247.621460
1247.621460
1251.989014
1254.172607
1245.437378
1249.805298
1243.253052
1260.722168
1247.621460
1247.621460
1251.989014
1254.172607
1254.172607
1258.539185
1236.698853
1260.722168
1262.905151
1265.087891
1273.817749
1286.909790
1273.817749
1289.091553
1271.635376
1310.908447
1300.000732
1289.091553
1282.546021
1280.364014
1282.546021
1271.635376
1265.087891
1269.453003
1262.905151
1260.722168
1273.817749
1282.546021
1286.909790
1015.626770
1289.091553
1310.908447
1308.726685
1317.453979
1310.908447
1300.000732
1300.000732
1291.273315
1282.546021
1286.909790
1282.546021
1282.546021
1282.546021
1260.722168
1271.635376
1282.546021
1280.364014
1291.273315
1300.000732
1300.000732
1308.726685
1319.635986
1319.635986
1317.453979
1321.817993
1330.546997
1315.272095
1313.090210
1300.000732
1286.909790
1282.546021
1269.453003
1256.355957
1245.437378
1217.022583
1238.883789
1243.253052
1258.539185
1251.989014
1258.539185
1260.722168
1273.817749
1230.142456
1289.091553
1308.726685
1319.635986
1324.000122
1341.460815
1343.644043
1348.010986
1350.194702
1334.912109
1317.453979
1308.726685
1304.363281
1300.000732
1300.000732
1291.273315
1284.727905
1289.091553
1293.454956
1291.273315
1310.908447
1300.000732
1295.636719
1289.091553
1295.636719
1278.182007
1271.635376
1262.905151
1273.817749
1265.087891
1262.905151
1262.905151
1262.905151
1265.087891
1256.355957
1262.905151
1265.087891
1265.087891
1262.905151
1262.905151
1262.905151
1262.905151
1262.905151
1262.905151
1262.905151
1262.905151
1262.905151
1262.905151
1262.905151
1262.905151
1262.905151
1262.905151
1262.905151
1262.905151
1262.905151
1262.905151
1262.905151
1262.905151
1262.905151
1262.905151
1262.905151
1262.905151
1262.905151
1262.905151
1262.905151
1262.905151
1262.905151
1262.905151
1262.905151
1262.905151
0.000000
