0.000000
1269.453003
1284.727905
1275.999878
1282.546021
1284.727905
1278.182007
1280.364014
1275.999878
1275.999878
1271.635376
1269.453003
1262.905151
1258.539185
1262.905151
1258.539185
1258.539185
1254.172607
1265.087891
1241.068481
1241.068481
1241.068481
1243.253052
1241.068481
1258.539185
1269.453003
1273.817749
1273.817749
1282.546021
1280.364014
1282.546021
1275.999878
1284.727905
1275.999878
1275.999878
1273.817749
1282.546021
1278.182007
1275.999878
1269.453003
1428.996460
1265.087891
1166.610840
1254.172607
1251.989014
1271.635376
1254.172607
1247.621460
1247.621460
1245.437378
1256.355957
1247.621460
1241.068481
1238.883789
1254.172607
1232.328125
1230.142456
1221.397095
1230.142456
1245.437378
1243.253052
1247.621460
1256.355957
1275.999878
1273.817749
1278.182007
1278.182007
1275.999878
1280.364014
1275.999878
1275.999878
1260.722168
1251.989014
1249.805298
1249.805298
1260.722168
1260.722168
1271.635376
1267.270508
1273.817749
1258.539185
1256.355957
1251.989014
1275.999878
1236.698853
1249.805298
1249.805298
1262.905151
1262.905151
1273.817749
1267.270508
1289.091553
1280.364014
1282.546021
1291.273315
1286.909790
1295.636719
1299.999268
1515.084595
1297.818359
1299.999268
1302.181641
1297.818359
1299.999268
1295.636719
1289.091553
1299.999268
1310.908447
1302.181641
1315.272095
1315.272095
1328.364624
1369.857544
1343.644043
1354.562622
1337.094849
1363.301147
1354.562622
1358.931519
1339.277832
1345.827393
1334.912109
1328.364624
1324.000122
1319.635986
1321.817993
1317.453979
1326.182251
1328.364624
1339.277832
1345.827393
1361.116211
1363.301147
1372.043457
1345.827393
1334.912109
1332.729492
1324.000122
1308.726685
1299.999268
1299.999268
1334.912109
1280.364014
1286.909790
1295.636719
1291.273315
1299.999268
1299.999268
1304.363281
1269.453003
1293.454956
1280.364014
1269.453003
1251.989014
1243.253052
1214.834961
1192.939209
1171.003540
1138.006958
1120.354492
1089.355957
1078.248535
956.715881
1026.866211
995.326294
965.833679
954.433105
938.415588
913.104004
910.794006
889.933899
880.620911
880.620911
871.281311
875.954468
878.288513
882.951660
887.608093
885.280701
866.601257
873.618713
878.288513
861.914307
859.568237
854.870728
836.008606
847.811157
812.261902
800.314880
788.316956
795.521912
769.010559
742.233887
732.428040
742.233887
707.745178
700.292053
695.310669
695.310669
692.816101
682.811890
667.726257
637.258301
652.542725
644.913269
632.140564
629.577332
621.869995
619.294922
598.585632
595.983154
569.783813
564.505127
548.588867
532.549866
521.787231
502.814178
491.891388
486.407410
475.393677
441.975189
455.969574
453.178772
441.975189
436.348816
439.164093
450.384003
422.209930
416.524841
419.369537
393.611206
416.524841
402.236603
422.209930
407.964874
413.675873
402.236603
407.964874
407.964874
410.822540
402.236603
407.964874
410.822540
422.209930
407.964874
422.209930
416.524841
402.236603
393.611206
396.490753
396.490753
390.727203
384.945709
390.727203
393.611206
384.945709
387.838715
387.838715
384.945709
402.236603
387.838715
396.490753
387.838715
379.146118
384.945709
384.945709
390.727203
387.838715
390.727203
379.146118
370.412628
390.727203
390.727203
382.048248
384.945709
382.048248
402.236603
387.838715
396.490753
399.365906
396.490753
387.838715
396.490753
396.490753
402.236603
402.236603
405.102997
413.675873
407.964874
413.675873
413.675873
430.705811
436.348816
439.164093
441.975189
430.705811
441.975189
453.178772
464.317871
491.891388
491.891388
510.967285
505.535553
513.677673
535.231689
561.860779
537.910095
553.907776
545.924377
529.864502
505.535553
569.783813
559.213135
559.213135
588.156860
585.541809
601.185059
598.585632
616.716858
611.551758
614.135803
614.135803
608.964661
606.374512
608.964661
608.964661
614.135803
634.700867
639.812805
639.812805
657.614929
665.202515
660.146912
657.614929
652.542725
647.459229
616.716858
639.812805
634.700867
644.913269
650.002380
657.614929
665.202515
685.316895
682.811890
690.318970
707.745178
707.745178
712.701355
697.802673
702.778992
710.224487
670.247253
712.701355
705.263306
712.701355
695.310669
687.819214
680.304321
677.794067
567.146057
660.146912
652.542725
677.794067
644.913269
629.577332
629.577332
624.442017
616.716858
603.781311
606.374512
585.541809
575.049438
569.783813
569.783813
564.505127
559.213135
575.049438
595.983154
606.374512
616.716858
621.869995
639.812805
632.140564
637.258301
639.812805
629.577332
624.442017
611.551758
637.258301
657.614929
675.281067
697.802673
722.584106
744.679504
773.850037
795.521912
814.645264
852.519287
843.095581
871.281311
875.954468
887.608093
894.580566
908.482483
920.024902
958.997314
965.833679
990.802368
1026.866211
1053.736450
1076.024536
1107.087036
1124.771484
1146.818237
1188.555542
1219.209961
1225.770264
1251.989014
1273.817749
1291.273315
1310.908447
1328.364624
1348.010986
1356.746948
1361.116211
1391.730103
1398.298218
1407.060791
1420.216797
1428.996460
1448.779541
1475.228516
1492.912964
1510.644043
1546.263550
1561.920410
1582.123169
1618.259766
1629.615234
1654.711426
1663.878174
1682.280518
1684.587524
1696.145264
1700.779175
1719.379028
1717.048340
1731.057861
1726.381226
1749.833862
1738.085693
1738.085693
1749.833862
1759.264893
1775.840698
1790.123535
1790.123535
1826.149902
1828.568604
1847.997437
1867.572021
1872.489136
1892.254883
1899.707886
1909.681030
1927.234497
1937.323853
1947.457275
1962.741699
1965.299194
1962.741699
1972.988892
1975.557983
1991.035278
1993.625488
1998.814941
2009.231201
2011.843140
2046.092285
2059.415039
2075.516846
2099.910889
2113.592529
2135.682129
2155.217773
2172.121826
2194.896973
2197.763428
2200.634033
2217.951660
2215.054199
2215.054199
2223.760498
2206.388916
2200.634033
2194.896973
2197.763428
2194.896973
2197.763428
2200.634033
2200.634033
2203.509277
2183.475098
2192.035156
2183.475098
2177.790039
2169.294189
2172.121826
2158.024902
2138.460938
2121.847168
2110.848633
2059.415039
2051.411133
2009.231201
1972.988892
1947.457275
1927.234497
1884.824341
1855.320435
1826.149902
1787.738037
1752.188843
1719.379028
1673.067627
1627.341675
1586.624390
1555.204590
1512.863892
1497.341187
1464.197388
1433.389160
1415.829834
1387.353149
1354.562622
1350.194702
1334.912109
1297.818359
1289.091553
1269.453003
1256.355957
1225.770264
1219.209961
1199.511719
1173.199219
1153.420654
1135.802612
1135.802612
1091.575073
1093.793335
1073.799683
1053.736450
1044.795410
1013.375671
1011.123413
981.740234
954.433105
942.998962
910.794006
899.220886
861.914307
845.454285
824.159302
795.521912
766.587463
710.224487
710.224487
692.816101
672.765503
644.913269
637.258301
624.442017
616.716858
603.781311
598.585632
572.418274
582.923523
575.049438
567.146057
569.783813
569.783813
575.049438
598.585632
580.302063
585.541809
595.983154
580.302063
577.677368
582.923523
580.302063
572.418274
567.146057
575.049438
564.505127
575.049438
572.418274
567.146057
561.860779
553.907776
529.864502
529.864502
513.677673
486.407410
502.814178
486.407410
489.151306
491.891388
489.151306
444.782166
483.659790
478.152924
461.539093
472.630585
455.969574
455.969574
447.585083
467.092712
478.152924
472.630585
478.152924
483.659790
489.151306
489.151306
486.407410
489.151306
483.659790
478.152924
480.908234
475.393677
458.756287
480.908234
475.393677
461.539093
475.393677
467.092712
472.630585
472.630585
469.863617
469.863617
472.630585
472.630585
475.393677
467.092712
469.863617
467.092712
458.756287
455.969574
564.505127
480.908234
516.384460
524.483215
519.087646
524.483215
545.924377
551.250000
564.505127
540.584961
532.549866
524.483215
527.175659
527.175659
513.677673
505.535553
510.967285
513.677673
510.967285
505.535553
502.814178
510.967285
508.253235
505.535553
516.384460
516.384460
390.727203
532.549866
535.231689
627.011169
532.549866
532.549866
505.535553
510.967285
516.384460
513.677673
508.253235
508.253235
510.967285
502.814178
500.089050
532.549866
543.256348
564.505127
572.418274
593.377563
616.716858
616.716858
624.442017
632.140564
637.258301
637.258301
639.812805
644.913269
665.202515
692.816101
715.175720
742.233887
949.863586
805.099792
836.008606
852.519287
880.620911
887.608093
917.719421
917.719421
933.826599
949.863586
954.433105
958.997314
974.930664
981.740234
993.064941
1026.866211
1033.597290
1055.969360
1080.471680
1104.873291
1131.392090
1157.819458
1184.170166
1203.891602
1225.770264
1249.805298
1262.905151
1273.817749
1282.546021
1466.402344
1310.908447
1310.908447
1308.726685
1319.635986
1308.726685
1332.729492
1326.182251
1337.094849
1334.912109
1354.562622
1361.116211
1365.486328
1380.790039
1398.298218
1418.023071
1435.586182
1450.980347
1470.814087
1490.699951
1499.556396
1501.772339
1515.084595
1510.644043
1510.644043
1515.084595
1495.126709
1506.206665
1501.772339
1510.644043
1508.424927
1510.644043
1501.772339
1503.989136
1510.644043
1503.989136
1495.126709
1484.065186
1488.487671
1486.276001
1486.276001
1484.065186
1484.065186
1479.645508
1488.487671
1486.276001
1486.276001
1490.699951
1481.854980
1495.126709
1508.424927
1501.772339
1510.644043
1537.337524
1546.263550
1564.161011
1575.379517
1582.123169
1602.413574
1593.384277
1600.154541
1600.154541
1600.154541
1597.896606
1600.154541
1597.896606
1613.726318
1627.341675
1645.566895
1657.001099
1657.001099
1700.779175
1703.098511
1714.719238
1735.741333
1747.480713
1756.904419
1771.095337
1775.840698
1785.354736
1787.738037
1794.900269
1797.291626
1797.291626
1794.900269
1809.279297
1794.900269
1797.291626
1794.900269
1794.900269
1785.354736
1785.354736
1775.840698
1761.627197
1752.188843
1759.264893
1749.833862
1738.085693
1742.779663
1742.779663
1738.085693
1735.741333
1728.718750
1740.431763
1733.398682
1735.741333
1726.381226
1719.379028
1693.830566
1700.779175
1686.895996
1677.671143
1673.067627
1638.722534
1629.615234
1618.259766
1584.373169
1577.626343
1555.204590
1528.426025
1517.306030
1499.556396
1495.126709
1499.556396
1470.814087
1455.383667
1439.981812
1424.605713
1402.678711
1391.730103
1378.602905
1369.857544
1352.378540
1363.301147
1356.746948
1361.116211
1369.857544
1372.043457
1378.602905
1380.790039
1374.229736
1374.229736
1372.043457
1372.043457
1374.229736
1374.229736
1374.229736
1376.416138
1374.229736
1372.043457
1372.043457
1361.116211
1369.857544
1356.746948
1354.562622
1361.116211
1361.116211
1358.931519
1361.116211
1361.116211
1378.602905
1374.229736
1369.857544
1374.229736
1363.301147
1356.746948
1363.301147
1361.116211
1356.746948
1369.857544
1369.857544
1380.790039
1374.229736
1369.857544
1369.857544
1369.857544
1361.116211
1361.116211
1369.857544
1363.301147
1348.010986
1372.043457
1369.857544
1374.229736
1376.416138
1374.229736
1374.229736
1376.416138
1374.229736
1382.977417
1369.857544
1376.416138
1369.857544
1475.228516
1339.277832
1354.562622
1350.194702
1345.827393
1341.460815
1341.460815
1328.364624
1324.000122
1256.355957
1319.635986
1317.453979
1310.908447
1321.817993
1334.912109
1317.453979
1321.817993
1330.546997
1341.460815
1343.644043
1345.827393
1352.378540
1352.378540
1348.010986
1345.827393
1354.562622
1350.194702
1356.746948
1339.277832
1352.378540
1352.378540
1348.010986
1345.827393
1345.827393
1341.460815
1363.301147
1339.277832
1337.094849
1334.912109
1326.182251
1313.090210
1326.182251
1310.908447
1328.364624
1289.091553
1299.999268
1310.908447
1317.453979
1319.635986
1317.453979
1328.364624
1334.912109
1330.546997
1337.094849
1339.277832
1326.182251
1317.453979
1313.090210
1584.373169
1310.908447
1289.091553
1291.273315
1282.546021
1289.091553
1299.999268
1299.999268
1308.726685
1317.453979
1313.090210
1317.453979
1317.453979
1317.453979
1339.277832
1328.364624
1317.453979
1319.635986
1308.726685
1299.999268
1299.999268
1291.273315
1280.364014
1280.364014
1282.546021
1278.182007
1269.453003
1284.727905
1286.909790
1299.999268
1313.090210
1317.453979
1330.546997
1343.644043
1354.562622
1382.977417
1361.116211
1356.746948
1341.460815
1348.010986
1341.460815
1339.277832
1326.182251
1369.857544
1310.908447
1291.273315
1280.364014
1275.999878
1258.539185
1256.355957
1251.989014
1249.805298
1265.087891
1282.546021
1291.273315
1295.636719
1299.999268
1299.999268
1308.726685
1315.272095
1310.908447
1306.545044
1308.726685
1289.091553
1299.999268
1304.363281
1310.908447
1304.363281
1321.817993
1328.364624
1337.094849
1326.182251
1334.912109
1337.094849
1337.094849
1337.094849
1334.912109
1343.644043
1337.094849
1334.912109
1334.912109
1337.094849
1337.094849
1337.094849
1337.094849
1337.094849
1337.094849
1337.094849
1337.094849
1337.094849
1337.094849
1337.094849
1337.094849
1337.094849
1337.094849
1337.094849
1337.094849
1337.094849
1337.094849
1337.094849
1337.094849
1337.094849
1337.094849
1337.094849
1337.094849
1337.094849
1337.094849
1337.094849
1337.094849
1337.094849
1337.094849
1337.094849
1337.094849
0.000000
