0.000000
231.344299
0.000000
0.000000
88.978577
17.795715
88.978577
53.387146
88.978577
88.978577
88.978577
106.774292
124.570007
142.365723
142.365723
160.161438
142.365723
177.957153
177.957153
195.752869
213.548584
195.752869
231.344299
231.344299
249.140015
266.935730
266.935730
284.731445
302.527161
302.527161
302.527161
302.527161
302.527161
338.118591
355.914307
373.710022
355.914307
391.505737
391.505737
391.505737
409.301453
409.301453
427.097168
444.892883
427.097168
462.688599
462.688599
480.484314
480.484314
516.075745
533.871460
516.075745
533.871460
533.871460
569.462891
551.667175
551.667175
551.667175
587.258606
587.258606
605.054321
605.054321
605.054321
640.645752
640.645752
622.850037
658.441467
694.032898
676.237183
676.237183
694.032898
711.828613
694.032898
694.032898
729.624329
729.624329
765.215759
765.215759
765.215759
765.215759
800.807190
783.011475
800.807190
800.807190
836.398621
818.602905
871.990051
854.194336
836.398621
907.581482
889.785767
854.194336
889.785767
871.990051
925.377197
925.377197
907.581482
960.968628
943.172913
960.968628
996.560059
1014.355774
1121.130127
1245.700073
1477.044434
1743.980103
2010.915894
2277.851562
2598.174561
2829.518799
2669.357422
2366.830322
2117.690186
1583.818726
1192.312988
1049.947266
1210.108643
1245.700073
1138.925781
1263.495850
1210.108643
1245.700073
1245.700073
1227.904419
1299.087280
1299.087280
1281.291504
1299.087280
1316.882935
1334.678711
1352.474365
1388.065796
1370.270142
1388.065796
1423.657227
1441.453003
1441.453003
1441.453003
1423.657227
1388.065796
1477.044434
1441.453003
1441.453003
1530.431519
1583.818726
1690.593018
1797.367310
2046.507324
2295.647461
2509.196045
2776.131592
3025.271729
2936.293213
2455.808838
1850.754395
1477.044434
1583.818726
1708.388672
1619.410156
1655.001587
1708.388672
1690.593018
1672.797241
1726.184448
1708.388672
1655.001587
1672.797241
1708.388672
1708.388672
1726.184448
1708.388672
1726.184448
1743.980103
1761.775879
1708.388672
1708.388672
1726.184448
1708.388672
1743.980103
1815.162964
1832.958740
1939.733032
2153.281738
2420.217285
2669.357422
2936.293213
3132.045898
2954.088867
2331.238770
1850.754395
1797.367310
1904.141602
1939.733032
1868.550171
1904.141602
1850.754395
1815.162964
1815.162964
1761.775879
1797.367310
1761.775879
1726.184448
1690.593018
1708.388672
1512.635864
1655.001587
1583.818726
1477.044434
1494.840088
1405.861572
1370.270142
1388.065796
1192.312988
1156.721558
943.172913
836.398621
694.032898
622.850037
569.462891
640.645752
694.032898
729.624329
658.441467
640.645752
729.624329
765.215759
854.194336
925.377197
960.968628
978.764343
1085.538696
1121.130127
1121.130127
1103.334351
1085.538696
1032.151489
1032.151489
978.764343
960.968628
925.377197
925.377197
836.398621
622.850037
302.527161
35.591431
-177.957153
-302.527161
-302.527161
-231.344299
-124.570007
-320.322876
-71.182861
142.365723
605.054321
854.194336
711.828613
818.602905
800.807190
729.624329
729.624329
711.828613
622.850037
533.871460
427.097168
338.118591
266.935730
231.344299
249.140015
320.322876
427.097168
516.075745
516.075745
516.075745
498.280029
516.075745
498.280029
462.688599
462.688599
444.892883
409.301453
355.914307
355.914307
320.322876
284.731445
231.344299
213.548584
177.957153
124.570007
124.570007
320.322876
302.527161
284.731445
302.527161
355.914307
338.118591
320.322876
320.322876
320.322876
302.527161
338.118591
320.322876
338.118591
320.322876
302.527161
320.322876
302.527161
302.527161
284.731445
284.731445
302.527161
320.322876
284.731445
302.527161
302.527161
302.527161
302.527161
302.527161
284.731445
284.731445
320.322876
302.527161
266.935730
284.731445
284.731445
266.935730
266.935730
266.935730
266.935730
284.731445
266.935730
284.731445
284.731445
249.140015
266.935730
266.935730
249.140015
266.935730
266.935730
249.140015
249.140015
249.140015
249.140015
249.140015
231.344299
249.140015
231.344299
231.344299
231.344299
249.140015
231.344299
231.344299
231.344299
249.140015
231.344299
249.140015
231.344299
231.344299
231.344299
231.344299
249.140015
231.344299
249.140015
249.140015
284.731445
284.731445
177.957153
320.322876
302.527161
160.161438
231.344299
320.322876
213.548584
124.570007
266.935730
355.914307
160.161438
106.774292
391.505737
249.140015
53.387146
409.301453
124.570007
177.957153
373.710022
124.570007
160.161438
409.301453
88.978577
177.957153
373.710022
124.570007
160.161438
373.710022
124.570007
249.140015
302.527161
266.935730
266.935730
249.140015
249.140015
213.548584
249.140015
231.344299
231.344299
266.935730
266.935730
320.322876
391.505737
462.688599
569.462891
658.441467
765.215759
818.602905
783.011475
694.032898
551.667175
391.505737
284.731445
320.322876
355.914307
391.505737
444.892883
498.280029
569.462891
640.645752
676.237183
711.828613
729.624329
711.828613
711.828613
658.441467
658.441467
711.828613
694.032898
711.828613
765.215759
783.011475
800.807190
818.602905
907.581482
943.172913
1067.742920
1067.742920
1192.312988
1156.721558
1085.538696
996.560059
854.194336
800.807190
889.785767
889.785767
907.581482
960.968628
925.377197
960.968628
960.968628
960.968628
978.764343
996.560059
996.560059
1032.151489
1032.151489
1032.151489
1049.947266
1103.334351
1103.334351
1103.334351
1138.925781
1121.130127
1121.130127
1156.721558
1138.925781
1156.721558
1210.108643
1192.312988
1192.312988
1210.108643
1281.291504
1299.087280
1370.270142
1459.248657
1637.205811
1921.937256
2188.873047
2473.604492
2758.335938
2865.110352
2687.153076
2455.808838
2028.711548
1672.797241
1334.678711
1334.678711
1477.044434
1405.861572
1477.044434
1459.248657
1477.044434
1494.840088
1441.453003
1423.657227
1494.840088
1494.840088
1477.044434
1477.044434
1530.431519
1548.227295
1583.818726
1583.818726
1512.635864
1583.818726
1548.227295
1601.614380
1601.614380
1548.227295
1601.614380
1672.797241
1708.388672
1761.775879
1850.754395
1993.120117
2206.668701
2349.034424
2366.830322
2064.302979
1619.410156
1548.227295
1655.001587
1619.410156
1637.205811
1637.205811
1708.388672
1672.797241
1708.388672
1655.001587
1299.087280
1583.818726
1743.980103
1263.495850
1832.958740
1156.721558
1850.754395
1388.065796
1672.797241
1441.453003
1655.001587
1405.861572
1601.614380
1566.022949
1477.044434
1512.635864
1530.431519
1530.431519
1477.044434
1512.635864
1530.431519
1548.227295
1548.227295
1583.818726
1601.614380
1619.410156
1619.410156
1601.614380
1583.818726
1583.818726
1334.678711
1637.205811
1441.453003
1566.022949
1512.635864
1477.044434
1530.431519
1512.635864
1512.635864
1566.022949
1494.840088
1477.044434
1530.431519
1512.635864
1494.840088
1494.840088
1263.495850
1441.453003
1601.614380
1245.700073
1601.614380
1405.861572
1405.861572
1423.657227
1388.065796
1388.065796
1388.065796
1388.065796
1316.882935
1281.291504
1263.495850
1281.291504
1299.087280
1281.291504
1192.312988
1263.495850
1227.904419
1227.904419
1227.904419
1245.700073
1227.904419
1227.904419
1210.108643
1192.312988
1174.517212
1192.312988
1138.925781
1156.721558
1210.108643
1085.538696
1085.538696
1103.334351
1049.947266
1067.742920
1049.947266
1014.355774
1014.355774
996.560059
960.968628
943.172913
943.172913
854.194336
747.420044
658.441467
480.484314
409.301453
320.322876
302.527161
409.301453
551.667175
498.280029
747.420044
800.807190
765.215759
711.828613
729.624329
747.420044
676.237183
658.441467
605.054321
622.850037
640.645752
658.441467
640.645752
622.850037
605.054321
605.054321
587.258606
569.462891
551.667175
533.871460
516.075745
480.484314
427.097168
373.710022
284.731445
195.752869
88.978577
-17.795715
-124.570007
-195.752869
-249.140015
-231.344299
-231.344299
-177.957153
-106.774292
-53.387146
-17.795715
106.774292
231.344299
266.935730
249.140015
249.140015
266.935730
249.140015
231.344299
231.344299
231.344299
213.548584
355.914307
355.914307
160.161438
338.118591
266.935730
231.344299
231.344299
249.140015
338.118591
373.710022
427.097168
480.484314
533.871460
605.054321
694.032898
711.828613
818.602905
836.398621
765.215759
747.420044
729.624329
818.602905
960.968628
996.560059
907.581482
871.990051
854.194336
783.011475
783.011475
622.850037
498.280029
409.301453
444.892883
480.484314
480.484314
533.871460
605.054321
640.645752
587.258606
480.484314
444.892883
462.688599
498.280029
533.871460
551.667175
587.258606
658.441467
765.215759
889.785767
1049.947266
1192.312988
1352.474365
1459.248657
1423.657227
1352.474365
1245.700073
1103.334351
925.377197
747.420044
694.032898
694.032898
729.624329
729.624329
747.420044
765.215759
783.011475
818.602905
818.602905
818.602905
871.990051
871.990051
854.194336
871.990051
907.581482
907.581482
925.377197
943.172913
960.968628
943.172913
943.172913
996.560059
996.560059
1014.355774
1049.947266
1049.947266
1049.947266
1085.538696
1103.334351
1103.334351
1103.334351
1103.334351
1103.334351
1103.334351
1085.538696
1085.538696
1156.721558
1174.517212
1121.130127
1121.130127
1156.721558
1227.904419
1299.087280
1352.474365
1370.270142
1370.270142
1441.453003
1245.700073
1263.495850
1192.312988
1156.721558
1085.538696
1103.334351
1263.495850
1334.678711
1245.700073
1245.700073
1281.291504
1245.700073
1227.904419
1245.700073
1227.904419
1192.312988
1210.108643
1210.108643
1192.312988
1174.517212
1174.517212
1121.130127
1156.721558
1121.130127
1121.130127
1121.130127
1121.130127
1085.538696
1103.334351
1085.538696
1085.538696
1067.742920
1085.538696
1067.742920
1085.538696
1049.947266
1049.947266
1032.151489
1014.355774
1014.355774
1032.151489
1014.355774
978.764343
960.968628
960.968628
943.172913
925.377197
889.785767
889.785767
871.990051
871.990051
871.990051
871.990051
836.398621
854.194336
854.194336
783.011475
836.398621
836.398621
818.602905
818.602905
836.398621
818.602905
818.602905
818.602905
836.398621
800.807190
783.011475
818.602905
783.011475
783.011475
783.011475
765.215759
783.011475
783.011475
783.011475
765.215759
765.215759
765.215759
729.624329
729.624329
729.624329
729.624329
711.828613
694.032898
711.828613
658.441467
658.441467
694.032898
658.441467
658.441467
658.441467
640.645752
640.645752
658.441467
640.645752
622.850037
640.645752
622.850037
622.850037
622.850037
622.850037
640.645752
640.645752
587.258606
622.850037
605.054321
640.645752
605.054321
622.850037
605.054321
605.054321
605.054321
622.850037
605.054321
605.054321
605.054321
605.054321
587.258606
587.258606
587.258606
569.462891
587.258606
587.258606
569.462891
569.462891
587.258606
569.462891
569.462891
569.462891
569.462891
569.462891
569.462891
569.462891
569.462891
569.462891
587.258606
551.667175
533.871460
569.462891
551.667175
551.667175
551.667175
551.667175
551.667175
551.667175
533.871460
533.871460
551.667175
533.871460
533.871460
516.075745
498.280029
480.484314
498.280029
498.280029
480.484314
480.484314
480.484314
480.484314
498.280029
516.075745
498.280029
480.484314
533.871460
516.075745
516.075745
480.484314
480.484314
480.484314
498.280029
498.280029
480.484314
498.280029
480.484314
480.484314
498.280029
462.688599
498.280029
480.484314
480.484314
480.484314
480.484314
480.484314
462.688599
480.484314
462.688599
462.688599
480.484314
427.097168
462.688599
480.484314
427.097168
462.688599
427.097168
444.892883
444.892883
427.097168
427.097168
427.097168
427.097168
427.097168
409.301453
409.301453
427.097168
409.301453
391.505737
391.505737
373.710022
391.505737
391.505737
373.710022
373.710022
355.914307
355.914307
338.118591
373.710022
355.914307
355.914307
355.914307
338.118591
338.118591
338.118591
338.118591
338.118591
338.118591
338.118591
320.322876
338.118591
338.118591
338.118591
320.322876
338.118591
320.322876
320.322876
320.322876
320.322876
320.322876
302.527161
302.527161
302.527161
302.527161
284.731445
302.527161
284.731445
284.731445
284.731445
284.731445
266.935730
266.935730
266.935730
266.935730
266.935730
249.140015
249.140015
249.140015
249.140015
249.140015
249.140015
231.344299
231.344299
231.344299
231.344299
231.344299
231.344299
213.548584
213.548584
213.548584
213.548584
195.752869
213.548584
195.752869
195.752869
213.548584
195.752869
195.752869
195.752869
195.752869
195.752869
195.752869
195.752869
195.752869
177.957153
195.752869
195.752869
177.957153
195.752869
177.957153
177.957153
177.957153
177.957153
177.957153
177.957153
177.957153
160.161438
177.957153
160.161438
177.957153
160.161438
177.957153
160.161438
160.161438
160.161438
160.161438
160.161438
160.161438
160.161438
142.365723
160.161438
0.000000
