0.000000
373.710022
53.387146
17.795715
88.978577
35.591431
106.774292
88.978577
106.774292
106.774292
124.570007
124.570007
142.365723
160.161438
160.161438
160.161438
177.957153
195.752869
177.957153
231.344299
213.548584
231.344299
231.344299
266.935730
249.140015
249.140015
266.935730
284.731445
284.731445
302.527161
320.322876
338.118591
320.322876
338.118591
373.710022
338.118591
355.914307
391.505737
373.710022
391.505737
444.892883
373.710022
444.892883
427.097168
444.892883
462.688599
462.688599
480.484314
462.688599
498.280029
480.484314
516.075745
533.871460
516.075745
516.075745
569.462891
516.075745
587.258606
587.258606
605.054321
622.850037
605.054321
640.645752
640.645752
640.645752
640.645752
711.828613
694.032898
640.645752
676.237183
676.237183
694.032898
694.032898
729.624329
747.420044
747.420044
729.624329
747.420044
783.011475
783.011475
765.215759
800.807190
836.398621
854.194336
836.398621
800.807190
889.785767
854.194336
854.194336
836.398621
854.194336
854.194336
676.237183
943.172913
871.990051
783.011475
996.560059
711.828613
907.581482
747.420044
854.194336
765.215759
818.602905
765.215759
765.215759
783.011475
783.011475
747.420044
747.420044
676.237183
640.645752
605.054321
711.828613
836.398621
711.828613
765.215759
800.807190
711.828613
765.215759
711.828613
711.828613
694.032898
676.237183
711.828613
694.032898
658.441467
711.828613
676.237183
658.441467
694.032898
658.441467
640.645752
640.645752
658.441467
658.441467
605.054321
587.258606
533.871460
480.484314
622.850037
694.032898
605.054321
622.850037
622.850037
605.054321
605.054321
551.667175
569.462891
569.462891
551.667175
498.280029
409.301453
355.914307
302.527161
284.731445
284.731445
284.731445
373.710022
462.688599
409.301453
498.280029
462.688599
409.301453
444.892883
409.301453
409.301453
409.301453
391.505737
391.505737
373.710022
427.097168
427.097168
391.505737
409.301453
409.301453
409.301453
427.097168
391.505737
409.301453
409.301453
462.688599
533.871460
444.892883
462.688599
551.667175
516.075745
605.054321
640.645752
711.828613
676.237183
676.237183
605.054321
498.280029
516.075745
516.075745
516.075745
587.258606
605.054321
587.258606
605.054321
640.645752
658.441467
658.441467
694.032898
747.420044
765.215759
747.420044
765.215759
800.807190
800.807190
783.011475
836.398621
836.398621
783.011475
836.398621
907.581482
889.785767
907.581482
960.968628
1049.947266
1334.678711
1583.818726
1850.754395
2135.485840
2402.421631
2598.174561
2847.314453
2865.110352
2420.217285
1601.614380
978.764343
1156.721558
1245.700073
1174.517212
1210.108643
1245.700073
1227.904419
1245.700073
1299.087280
1316.882935
1281.291504
1281.291504
1316.882935
1352.474365
1388.065796
1370.270142
1405.861572
1405.861572
1370.270142
1405.861572
1441.453003
1441.453003
1388.065796
1370.270142
1477.044434
1530.431519
1530.431519
1530.431519
1477.044434
1441.453003
1441.453003
1477.044434
1548.227295
1512.635864
1530.431519
1548.227295
1583.818726
1637.205811
1619.410156
1601.614380
1637.205811
1619.410156
1637.205811
1637.205811
1655.001587
1601.614380
1619.410156
1655.001587
1672.797241
1637.205811
1655.001587
1672.797241
1708.388672
1761.775879
1761.775879
1779.571533
1832.958740
1904.141602
1886.345825
1832.958740
1815.162964
1779.571533
1815.162964
1815.162964
1743.980103
1761.775879
1761.775879
1743.980103
1743.980103
1690.593018
1726.184448
1832.958740
1797.367310
1797.367310
1850.754395
1886.345825
1886.345825
1815.162964
1797.367310
1779.571533
1832.958740
1832.958740
1797.367310
1726.184448
1815.162964
1832.958740
1850.754395
1921.937256
1993.120117
2064.302979
2099.894531
2028.711548
1904.141602
1939.733032
1921.937256
1904.141602
1850.754395
1850.754395
1868.550171
1868.550171
1832.958740
1797.367310
1797.367310
1815.162964
1832.958740
1779.571533
1832.958740
1832.958740
1886.345825
1868.550171
1886.345825
1904.141602
1904.141602
1886.345825
1868.550171
1886.345825
1904.141602
1957.528687
1868.550171
1832.958740
1868.550171
1921.937256
1993.120117
1993.120117
2028.711548
2082.098877
2117.690186
2028.711548
1975.324463
1975.324463
1975.324463
1957.528687
1886.345825
1939.733032
1921.937256
1868.550171
1850.754395
1886.345825
1850.754395
1868.550171
1939.733032
1957.528687
2082.098877
2277.851562
2384.625977
2295.647461
2153.281738
1975.324463
1939.733032
1957.528687
1975.324463
1975.324463
1975.324463
1939.733032
2010.915894
2117.690186
2153.281738
2171.077393
2188.873047
2135.485840
2099.894531
2046.507324
2046.507324
2028.711548
2028.711548
1779.571533
1939.733032
1957.528687
1957.528687
1886.345825
1868.550171
1939.733032
1921.937256
1921.937256
1921.937256
1904.141602
1921.937256
1886.345825
1743.980103
1921.937256
1815.162964
1886.345825
1815.162964
1797.367310
1743.980103
1619.410156
1566.022949
1601.614380
1530.431519
1423.657227
1459.248657
1405.861572
1423.657227
1459.248657
1477.044434
1459.248657
1388.065796
1334.678711
1352.474365
1281.291504
1227.904419
1174.517212
1138.925781
1156.721558
1156.721558
1085.538696
1067.742920
1067.742920
1032.151489
996.560059
1067.742920
1032.151489
1014.355774
1032.151489
996.560059
943.172913
1227.904419
943.172913
925.377197
978.764343
978.764343
960.968628
925.377197
943.172913
960.968628
925.377197
960.968628
978.764343
925.377197
943.172913
925.377197
889.785767
907.581482
871.990051
836.398621
836.398621
800.807190
765.215759
783.011475
711.828613
729.624329
729.624329
640.645752
605.054321
587.258606
551.667175
533.871460
444.892883
355.914307
249.140015
88.978577
0.000000
-71.182861
-88.978577
0.000000
106.774292
177.957153
195.752869
231.344299
391.505737
462.688599
391.505737
409.301453
444.892883
409.301453
444.892883
444.892883
444.892883
462.688599
587.258606
587.258606
444.892883
533.871460
444.892883
480.484314
516.075745
480.484314
516.075745
498.280029
533.871460
516.075745
569.462891
569.462891
587.258606
587.258606
622.850037
605.054321
640.645752
640.645752
658.441467
711.828613
729.624329
747.420044
783.011475
747.420044
676.237183
711.828613
533.871460
658.441467
729.624329
587.258606
711.828613
640.645752
694.032898
694.032898
694.032898
729.624329
747.420044
711.828613
783.011475
747.420044
711.828613
800.807190
605.054321
783.011475
747.420044
765.215759
800.807190
800.807190
800.807190
765.215759
783.011475
854.194336
800.807190
658.441467
854.194336
818.602905
747.420044
836.398621
747.420044
836.398621
783.011475
836.398621
818.602905
783.011475
818.602905
800.807190
765.215759
818.602905
836.398621
818.602905
800.807190
800.807190
836.398621
800.807190
800.807190
871.990051
854.194336
836.398621
854.194336
836.398621
871.990051
836.398621
907.581482
800.807190
907.581482
907.581482
889.785767
907.581482
960.968628
978.764343
960.968628
978.764343
960.968628
943.172913
978.764343
996.560059
1032.151489
1067.742920
1067.742920
1103.334351
1103.334351
1085.538696
1121.130127
1138.925781
1174.517212
1192.312988
1227.904419
1174.517212
1192.312988
1192.312988
1263.495850
1245.700073
1281.291504
1316.882935
1245.700073
1299.087280
1281.291504
1263.495850
1352.474365
1352.474365
1441.453003
1459.248657
1494.840088
1672.797241
1850.754395
1993.120117
2117.690186
2277.851562
2331.238770
2242.260254
1886.345825
1494.840088
1477.044434
1637.205811
1566.022949
1512.635864
1566.022949
1637.205811
1761.775879
1690.593018
1619.410156
1583.818726
1655.001587
1672.797241
1690.593018
1637.205811
1655.001587
1690.593018
1708.388672
1672.797241
1655.001587
1708.388672
1637.205811
1672.797241
1655.001587
1672.797241
1637.205811
1672.797241
1690.593018
1779.571533
1779.571533
1939.733032
2171.077393
2438.013184
2615.970215
2847.314453
3060.863037
3025.271729
2865.110352
2633.765869
2331.238770
2206.668701
2099.894531
1993.120117
1904.141602
1939.733032
2010.915894
2010.915894
1921.937256
1939.733032
1939.733032
1939.733032
1993.120117
1957.528687
1957.528687
1939.733032
1957.528687
1957.528687
1957.528687
2135.485840
2277.851562
2349.034424
2455.808838
2615.970215
2633.765869
2509.196045
2438.013184
2438.013184
2117.690186
2242.260254
2099.894531
1993.120117
1975.324463
1921.937256
1850.754395
1886.345825
1797.367310
1726.184448
1743.980103
1743.980103
1655.001587
1566.022949
1512.635864
1477.044434
1459.248657
1441.453003
1512.635864
1530.431519
1459.248657
1423.657227
1352.474365
1316.882935
1227.904419
1085.538696
871.990051
587.258606
320.322876
35.591431
-177.957153
-213.548584
-53.387146
177.957153
516.075745
818.602905
1067.742920
1192.312988
1156.721558
1121.130127
1085.538696
1049.947266
996.560059
943.172913
925.377197
960.968628
960.968628
978.764343
978.764343
925.377197
925.377197
871.990051
871.990051
907.581482
889.785767
836.398621
800.807190
818.602905
765.215759
729.624329
711.828613
622.850037
498.280029
391.505737
302.527161
231.344299
266.935730
338.118591
480.484314
622.850037
605.054321
551.667175
551.667175
551.667175
516.075745
480.484314
444.892883
462.688599
462.688599
444.892883
427.097168
391.505737
391.505737
373.710022
338.118591
284.731445
231.344299
195.752869
124.570007
17.795715
-71.182861
71.182861
106.774292
213.548584
373.710022
409.301453
338.118591
320.322876
302.527161
320.322876
355.914307
355.914307
338.118591
355.914307
355.914307
373.710022
373.710022
373.710022
373.710022
373.710022
373.710022
373.710022
409.301453
391.505737
427.097168
409.301453
409.301453
391.505737
409.301453
409.301453
409.301453
409.301453
427.097168
409.301453
427.097168
444.892883
427.097168
427.097168
444.892883
427.097168
444.892883
462.688599
462.688599
462.688599
480.484314
480.484314
516.075745
498.280029
533.871460
516.075745
516.075745
533.871460
533.871460
533.871460
516.075745
498.280029
498.280029
516.075745
516.075745
533.871460
551.667175
533.871460
551.667175
516.075745
516.075745
498.280029
480.484314
444.892883
444.892883
551.667175
605.054321
587.258606
587.258606
605.054321
587.258606
605.054321
605.054321
605.054321
605.054321
622.850037
640.645752
622.850037
640.645752
640.645752
658.441467
658.441467
658.441467
640.645752
640.645752
640.645752
640.645752
658.441467
640.645752
658.441467
658.441467
658.441467
605.054321
658.441467
640.645752
622.850037
640.645752
622.850037
622.850037
622.850037
622.850037
622.850037
622.850037
622.850037
622.850037
605.054321
605.054321
587.258606
605.054321
605.054321
587.258606
605.054321
587.258606
587.258606
587.258606
569.462891
587.258606
569.462891
587.258606
587.258606
587.258606
587.258606
605.054321
605.054321
587.258606
587.258606
587.258606
569.462891
587.258606
569.462891
587.258606
587.258606
569.462891
569.462891
569.462891
587.258606
551.667175
569.462891
569.462891
551.667175
569.462891
551.667175
533.871460
551.667175
533.871460
551.667175
516.075745
516.075745
516.075745
498.280029
533.871460
516.075745
498.280029
498.280029
498.280029
516.075745
480.484314
498.280029
480.484314
480.484314
498.280029
444.892883
498.280029
480.484314
462.688599
444.892883
427.097168
444.892883
444.892883
444.892883
462.688599
427.097168
462.688599
444.892883
444.892883
444.892883
427.097168
427.097168
444.892883
409.301453
409.301453
409.301453
391.505737
391.505737
355.914307
355.914307
409.301453
427.097168
391.505737
409.301453
409.301453
391.505737
409.301453
391.505737
409.301453
409.301453
409.301453
391.505737
409.301453
391.505737
391.505737
391.505737
409.301453
373.710022
391.505737
373.710022
373.710022
373.710022
373.710022
373.710022
373.710022
355.914307
373.710022
355.914307
355.914307
373.710022
355.914307
320.322876
320.322876
320.322876
338.118591
338.118591
338.118591
338.118591
320.322876
320.322876
320.322876
320.322876
302.527161
302.527161
302.527161
284.731445
284.731445
284.731445
284.731445
284.731445
284.731445
249.140015
266.935730
266.935730
284.731445
266.935730
266.935730
249.140015
284.731445
266.935730
231.344299
249.140015
249.140015
266.935730
231.344299
249.140015
231.344299
249.140015
249.140015
249.140015
231.344299
231.344299
249.140015
231.344299
249.140015
231.344299
249.140015
231.344299
213.548584
231.344299
231.344299
231.344299
231.344299
195.752869
213.548584
195.752869
231.344299
195.752869
213.548584
195.752869
213.548584
195.752869
177.957153
177.957153
195.752869
195.752869
195.752869
177.957153
177.957153
177.957153
177.957153
177.957153
177.957153
177.957153
177.957153
177.957153
160.161438
177.957153
177.957153
160.161438
160.161438
177.957153
142.365723
160.161438
160.161438
160.161438
160.161438
160.161438
142.365723
160.161438
0.000000
