0.000000
1345.827393
1352.378540
1356.746948
1350.194702
1345.827393
1352.378540
1345.827393
1345.827393
1358.931519
1339.277832
1341.460815
1352.378540
1345.827393
1350.194702
1354.562622
1343.644043
1352.378540
1345.827393
1343.644043
1352.378540
1348.010986
1350.194702
1350.194702
1348.010986
1352.378540
1358.931519
1343.644043
1348.010986
1348.010986
1348.010986
1354.562622
1352.378540
1363.301147
1352.378540
1361.116211
1369.857544
1367.671875
1374.229736
1374.229736
1376.416138
1372.043457
1378.602905
1378.602905
1380.790039
1378.602905
1374.229736
1372.043457
1376.416138
1372.043457
1380.790039
1374.229736
1380.790039
1376.416138
1374.229736
1389.541382
1380.790039
1378.602905
1385.165039
1385.165039
1393.919067
1398.298218
1398.298218
1402.678711
1396.108398
1422.411011
1428.996460
1431.192505
1439.981812
1439.981812
1448.779541
1444.379639
1455.383667
1453.181763
1457.586304
1466.402344
1481.854980
1490.699951
1499.556396
1503.989136
1521.751465
1523.975464
1541.798706
1555.204590
1564.161011
1582.123169
1584.373169
1600.154541
1597.896606
1611.461304
1615.992432
1615.992432
1625.069336
1627.341675
1636.443848
1657.001099
1663.878174
1686.895996
1763.991455
1728.718750
1742.779663
1766.357544
1782.973267
1809.279297
1828.568604
1835.837769
1847.997437
1862.664429
1877.415894
1889.775513
1907.183960
1927.234497
1947.457275
1924.718872
1942.385010
1952.540771
1942.385010
1944.919800
1947.457275
1949.997559
1949.997559
1949.997559
1962.741699
1957.635498
1970.422729
1988.448242
1993.625488
2004.016846
2027.581787
2043.437866
2051.411133
2059.415039
2059.415039
2089.032715
2075.516846
2083.615479
2089.032715
2094.464355
2102.639648
2091.746826
2102.639648
2113.592529
2130.136475
2135.682129
2160.835938
2160.835938
2177.790039
2192.035156
2206.388916
2226.671631
2232.507812
2235.432861
2253.081787
2247.179932
2259.003174
2264.943604
2322.382324
2261.970947
2261.970947
2261.970947
2270.903809
2267.921143
2259.003174
2267.921143
2264.943604
2261.970947
2264.943604
2261.970947
2261.970947
2267.921143
2313.188965
2261.970947
2235.432861
2241.296875
2226.671631
2203.509277
2194.896973
2155.217773
2127.369385
2094.464355
2051.411133
2006.622437
1952.540771
1909.681030
1855.320435
1802.080566
1756.904419
1714.719238
1661.584351
1609.197632
1575.379517
1530.652588
1468.607910
1424.605713
1376.416138
1330.546997
1278.182007
1245.437378
1210.458618
1208.269897
1153.420654
1120.354492
1078.248535
1067.119995
1035.838989
1004.360107
984.007568
924.631287
917.719421
894.580566
878.288513
871.281311
831.274536
795.521912
776.266602
725.048706
677.794067
639.812805
590.768799
553.907776
494.627686
430.705811
384.945709
326.108734
283.752075
237.214081
215.063232
227.755554
234.066986
234.066986
234.066986
255.977997
262.188171
255.977997
259.085815
255.977997
259.085815
262.188171
259.085815
268.376312
265.284851
262.188171
271.462189
259.085815
259.085815
255.977997
259.085815
255.977997
262.188171
255.977997
265.284851
259.085815
262.188171
265.284851
274.542664
259.085815
262.188171
259.085815
265.284851
259.085815
265.284851
280.687561
252.864670
265.284851
265.284851
259.085815
240.355484
259.085815
265.284851
259.085815
262.188171
265.284851
262.188171
259.085815
274.542664
259.085815
259.085815
265.284851
265.284851
259.085815
265.284851
274.542664
259.085815
262.188171
274.542664
265.284851
262.188171
265.284851
259.085815
246.621292
262.188171
265.284851
268.376312
265.284851
265.284851
280.687561
286.811127
259.085815
262.188171
262.188171
262.188171
262.188171
262.188171
265.284851
255.977997
252.864670
271.462189
259.085815
268.376312
265.284851
255.977997
249.745789
259.085815
255.977997
262.188171
280.687561
268.376312
265.284851
259.085815
265.284851
255.977997
274.542664
265.284851
252.864670
255.977997
268.376312
255.977997
259.085815
265.284851
259.085815
265.284851
268.376312
265.284851
271.462189
262.188171
255.977997
255.977997
255.977997
268.376312
271.462189
262.188171
255.977997
255.977997
259.085815
262.188171
259.085815
255.977997
259.085815
240.355484
265.284851
240.355484
259.085815
262.188171
262.188171
259.085815
277.617767
265.284851
268.376312
255.977997
265.284851
268.376312
255.977997
262.188171
317.116364
259.085815
265.284851
271.462189
262.188171
274.542664
265.284851
259.085815
274.542664
265.284851
259.085815
259.085815
265.284851
252.864670
265.284851
268.376312
255.977997
268.376312
283.752075
280.687561
265.284851
277.617767
274.542664
280.687561
289.865082
283.752075
298.995270
305.056061
286.811127
308.078827
308.078827
314.108917
326.108734
335.056305
338.029083
358.703094
370.412628
390.727203
422.209930
444.782166
480.908234
527.175659
572.418274
637.258301
677.794067
732.428040
795.521912
852.519287
933.826599
995.326294
1071.573975
1144.616333
1219.209961
1297.818359
1382.977417
1457.586304
1528.426025
1586.624390
1686.895996
1700.779175
1738.085693
1763.991455
1814.088867
1826.149902
1835.837769
1835.837769
1840.694824
1833.412476
1809.279297
1787.738037
1766.357544
1745.129272
1728.718750
1689.205933
1673.067627
1645.566895
1631.890137
1618.259766
1609.197632
1604.673706
1600.154541
1588.876587
1593.384277
1593.384277
1613.726318
1604.673706
1611.461304
1631.890137
1641.002686
1663.878174
1679.975098
1703.098511
1728.718750
1756.904419
1775.840698
1809.279297
1843.126831
1892.254883
1927.234497
1972.988892
2022.322632
2067.450195
2102.639648
2146.821289
2121.847168
2217.951660
2247.179932
2259.003174
2273.891357
2270.903809
2279.881104
2256.040039
2259.003174
2241.296875
2223.760498
2223.760498
2209.272705
2192.035156
2174.953857
2163.651123
2152.414795
2135.682129
2127.369385
2105.372314
2108.108643
2105.372314
2097.185791
2097.185791
2078.212646
2070.135498
2070.135498
2056.743652
2054.075684
2046.092285
2038.139160
2011.843140
2001.414307
1996.218628
1980.705078
1962.741699
1952.540771
1942.385010
1924.718872
1894.736694
1884.824341
1874.951294
1845.561035
1830.989380
1809.279297
1806.877686
1794.900269
1778.216309
1768.725464
1775.840698
1771.095337
1749.833862
1742.779663
1733.398682
1731.057861
1731.057861
1735.741333
1728.718750
1719.379028
1724.045532
1719.379028
1714.719238
1714.719238
1728.718750
1712.391846
1705.419434
1707.741943
1705.419434
1703.098511
1698.461426
1705.419434
1707.741943
1714.719238
1717.048340
1707.741943
1733.398682
1738.085693
1738.085693
1742.779663
1740.431763
1752.188843
1707.741943
1759.264893
1754.545654
1766.357544
1754.545654
1763.991455
1763.991455
1766.357544
1773.467041
1778.216309
1771.095337
1782.973267
1782.973267
1792.510864
1797.291626
1797.291626
1799.685059
1802.080566
1797.291626
1797.291626
1797.291626
1811.683105
1797.291626
1785.354736
1766.357544
1756.904419
1745.129272
1728.718750
1698.461426
1659.291992
1643.284180
1622.798218
1600.154541
1582.123169
1564.161011
1537.337524
1510.644043
1484.065186
1448.779541
1431.192505
1402.678711
1382.977417
1367.671875
1334.912109
1306.545044
1289.091553
1265.087891
1251.989014
1225.770264
1210.458618
1201.701782
1179.783203
1179.783203
1166.610840
1155.620361
1053.736450
1144.616333
1138.006958
1124.771484
1122.563354
1100.443604
1096.010864
1084.915405
1071.573975
1055.969360
1033.597290
1011.123413
993.064941
981.740234
952.148987
931.529968
906.169434
899.220886
866.601257
852.519287
826.533020
795.521912
776.266602
747.122864
717.647644
682.811890
667.726257
621.869995
611.551758
601.185059
561.860779
532.549866
510.967285
491.891388
461.539093
441.975189
427.878113
393.611206
384.945709
373.328369
376.239563
367.492218
352.820129
370.412628
349.871521
349.871521
352.820129
352.820129
349.871521
370.412628
355.763947
361.637451
370.412628
355.763947
349.871521
352.820129
361.637451
340.996887
355.763947
355.763947
338.029083
358.703094
358.703094
370.412628
370.412628
361.637451
349.871521
358.703094
355.763947
358.703094
370.412628
361.637451
352.820129
355.763947
358.703094
361.637451
355.763947
361.637451
355.763947
352.820129
361.637451
376.239563
361.637451
396.490753
402.236603
407.964874
422.209930
439.164093
458.756287
486.407410
510.967285
537.910095
582.923523
627.011169
655.080200
697.802673
747.122864
814.645264
868.942139
926.932312
995.326294
1053.736450
1118.145020
1214.834961
1230.142456
1280.364014
1337.094849
1385.165039
1424.605713
1477.436646
1515.084595
1557.442139
1588.876587
1620.528442
1657.001099
1691.517578
1703.098511
1742.779663
1645.566895
1775.840698
1797.291626
1816.496826
1840.694824
1860.213989
1889.775513
1924.718872
1962.741699
1978.130005
2011.843140
2056.743652
2089.032715
2130.136475
2276.883789
2223.760498
2259.003174
2301.004639
2328.537842
2350.254150
2353.378662
2359.644531
2369.085693
2359.644531
2350.254150
2356.508789
2340.914307
2344.021973
2340.914307
2350.254150
2347.135254
2347.135254
2344.021973
2353.378662
2334.715088
2331.623779
2353.378662
2350.254150
2350.254150
2347.135254
2347.135254
2362.785889
2353.378662
2613.086182
2353.378662
2350.254150
2350.254150
2350.254150
2347.135254
2359.644531
2359.644531
2344.021973
2344.021973
2362.785889
2356.508789
2356.508789
2347.135254
2356.508789
2347.135254
2350.254150
2350.254150
2350.254150
2344.021973
2344.021973
2344.021973
2347.135254
2350.254150
2347.135254
2353.378662
2356.508789
2356.508789
2356.508789
2356.508789
2356.508789
2356.508789
2356.508789
2356.508789
2356.508789
2356.508789
2356.508789
2356.508789
2356.508789
2356.508789
2356.508789
2356.508789
2356.508789
2356.508789
2356.508789
2356.508789
2356.508789
2356.508789
2356.508789
2356.508789
2356.508789
2356.508789
2356.508789
2356.508789
2356.508789
2356.508789
2356.508789
2356.508789
2356.508789
2356.508789
2356.508789
2356.508789
2356.508789
2356.508789
2356.508789
2356.508789
2356.508789
2356.508789
2356.508789
2356.508789
2356.508789
2356.508789
2356.508789
2356.508789
2356.508789
2356.508789
2356.508789
2356.508789
2356.508789
2356.508789
2356.508789
2356.508789
2356.508789
2356.508789
2356.508789
2356.508789
2356.508789
2356.508789
2356.508789
2356.508789
2356.508789
2356.508789
2356.508789
2356.508789
2356.508789
2356.508789
2356.508789
2356.508789
2356.508789
2356.508789
2356.508789
2356.508789
2356.508789
2356.508789
2356.508789
2356.508789
2356.508789
2356.508789
2356.508789
2356.508789
2356.508789
2356.508789
2356.508789
2356.508789
2356.508789
2356.508789
2356.508789
2356.508789
2356.508789
2356.508789
2356.508789
2356.508789
2356.508789
2356.508789
2356.508789
2356.508789
2356.508789
2356.508789
2356.508789
2356.508789
2356.508789
2356.508789
2356.508789
2356.508789
2356.508789
2356.508789
2356.508789
2356.508789
2356.508789
2356.508789
2356.508789
2356.508789
2356.508789
2356.508789
2356.508789
2356.508789
2356.508789
2356.508789
2356.508789
2356.508789
2356.508789
2356.508789
2356.508789
2356.508789
2356.508789
2356.508789
2356.508789
2356.508789
2356.508789
2356.508789
2356.508789
2356.508789
2356.508789
2356.508789
2356.508789
2356.508789
2356.508789
2356.508789
2356.508789
2356.508789
2356.508789
2356.508789
2356.508789
2356.508789
2356.508789
2356.508789
2356.508789
2356.508789
2356.508789
2356.508789
2356.508789
2356.508789
2356.508789
2356.508789
2356.508789
2356.508789
2356.508789
2356.508789
2356.508789
2356.508789
2356.508789
2356.508789
2356.508789
2356.508789
2356.508789
2356.508789
2356.508789
2356.508789
2356.508789
2356.508789
2356.508789
2356.508789
2356.508789
2356.508789
2356.508789
2356.508789
2356.508789
2356.508789
2356.508789
2356.508789
2356.508789
2356.508789
2356.508789
2356.508789
2356.508789
2356.508789
2356.508789
2356.508789
2356.508789
2356.508789
2356.508789
2356.508789
2356.508789
2356.508789
2356.508789
2356.508789
2356.508789
2356.508789
2356.508789
2356.508789
2356.508789
2356.508789
2356.508789
2356.508789
2356.508789
2356.508789
2356.508789
2356.508789
2356.508789
2356.508789
2356.508789
2356.508789
2356.508789
2356.508789
2356.508789
2356.508789
2356.508789
2356.508789
2356.508789
2356.508789
2356.508789
2356.508789
2356.508789
2356.508789
2356.508789
2356.508789
2356.508789
2356.508789
2356.508789
2356.508789
2356.508789
2356.508789
2356.508789
2356.508789
2356.508789
2356.508789
2356.508789
2356.508789
2356.508789
2356.508789
2356.508789
2356.508789
2356.508789
2356.508789
2356.508789
2356.508789
2356.508789
2356.508789
2356.508789
2356.508789
2356.508789
2356.508789
2356.508789
2356.508789
2356.508789
2356.508789
2356.508789
2356.508789
2356.508789
2356.508789
2356.508789
2356.508789
2356.508789
2356.508789
2356.508789
2356.508789
2356.508789
2356.508789
2356.508789
2356.508789
2356.508789
2356.508789
2356.508789
2356.508789
2356.508789
2356.508789
2356.508789
2356.508789
2356.508789
2356.508789
2356.508789
2356.508789
2356.508789
2356.508789
2356.508789
2356.508789
2356.508789
2356.508789
2356.508789
2356.508789
2356.508789
2356.508789
2356.508789
2356.508789
2356.508789
2356.508789
2356.508789
2356.508789
2356.508789
2356.508789
2356.508789
2356.508789
2356.508789
2356.508789
2356.508789
0.000000
