0.000000
1254.172607
1247.621460
1243.253052
1249.805298
1254.172607
1247.621460
1254.172607
1254.172607
1241.068481
1260.722168
1258.539185
1247.621460
1254.172607
1249.805298
1245.437378
1256.355957
1247.621460
1254.172607
1256.355957
1247.621460
1251.989014
1249.805298
1249.805298
1251.989014
1247.621460
1241.068481
1256.355957
1251.989014
1251.989014
1251.989014
1245.437378
1247.621460
1236.698853
1247.621460
1238.883789
1230.142456
1232.328125
1225.770264
1225.770264
1223.583862
1227.956543
1221.397095
1221.397095
1219.209961
1221.397095
1225.770264
1227.956543
1223.583862
1227.956543
1219.209961
1225.770264
1219.209961
1223.583862
1225.770264
1210.458618
1219.209961
1221.397095
1214.834961
1214.834961
1206.080933
1201.701782
1201.701782
1197.321289
1203.891602
1177.588989
1171.003540
1168.807495
1160.018188
1160.018188
1151.220459
1155.620361
1144.616333
1146.818237
1142.413696
1133.597656
1118.145020
1109.300049
1100.443604
1096.010864
1078.248535
1076.024536
1058.201294
1044.795410
1035.838989
1017.876831
1015.626770
999.845459
1002.103333
988.538635
984.007568
984.007568
974.930664
972.658325
963.556213
942.998962
936.121826
913.104004
836.008606
871.281311
857.220398
833.642517
817.026733
790.720703
771.431396
764.162292
752.002563
737.335632
722.584106
710.224487
692.816101
672.765503
652.542725
675.281067
657.614929
647.459229
657.614929
655.080200
652.542725
650.002380
650.002380
650.002380
637.258301
642.364502
629.577332
611.551758
606.374512
595.983154
572.418274
556.562134
548.588867
540.584961
540.584961
510.967285
524.483215
516.384460
510.967285
505.535553
497.360229
508.253235
497.360229
486.407410
469.863617
464.317871
439.164093
439.164093
422.209930
407.964874
393.611206
373.328369
367.492218
364.567169
346.918091
352.820129
340.996887
335.056305
277.617767
338.029083
338.029083
338.029083
329.096191
332.078735
340.996887
332.078735
335.056305
338.029083
335.056305
338.029083
338.029083
332.078735
286.811127
338.029083
364.567169
358.703094
373.328369
396.490753
405.102997
444.782166
472.630585
505.535553
548.588867
593.377563
647.459229
690.318970
744.679504
797.919434
843.095581
885.280701
938.415588
990.802368
1024.620483
1069.347412
1131.392090
1175.394287
1223.583862
1269.453003
1321.817993
1354.562622
1389.541382
1391.730103
1446.579346
1479.645508
1521.751465
1532.880005
1564.161011
1595.639893
1615.992432
1675.368652
1682.280518
1705.419434
1721.711426
1728.718750
1768.725464
1804.478027
1823.733398
1874.951294
1922.205933
1960.187134
2009.231201
2046.092285
2105.372314
2169.294189
2215.054199
2273.891357
2316.248047
2362.785889
2384.936768
2372.244385
2365.933105
2365.933105
2365.933105
2344.021973
2337.811768
2344.021973
2340.914307
2344.021973
2340.914307
2337.811768
2340.914307
2331.623779
2334.715088
2337.811768
2328.537842
2340.914307
2340.914307
2344.021973
2340.914307
2344.021973
2337.811768
2344.021973
2334.715088
2340.914307
2337.811768
2334.715088
2325.457275
2340.914307
2337.811768
2340.914307
2334.715088
2340.914307
2334.715088
2319.312500
2347.135254
2334.715088
2334.715088
2340.914307
2359.644531
2340.914307
2334.715088
2340.914307
2337.811768
2334.715088
2337.811768
2340.914307
2325.457275
2340.914307
2340.914307
2334.715088
2334.715088
2340.914307
2334.715088
2325.457275
2340.914307
2337.811768
2325.457275
2334.715088
2337.811768
2334.715088
2340.914307
2353.378662
2337.811768
2334.715088
2331.623779
2334.715088
2334.715088
2319.312500
2313.188965
2340.914307
2337.811768
2337.811768
2337.811768
2337.811768
2337.811768
2334.715088
2344.021973
2347.135254
2328.537842
2340.914307
2331.623779
2334.715088
2344.021973
2350.254150
2340.914307
2344.021973
2337.811768
2319.312500
2331.623779
2334.715088
2340.914307
2334.715088
2344.021973
2325.457275
2334.715088
2347.135254
2344.021973
2331.623779
2344.021973
2340.914307
2334.715088
2340.914307
2334.715088
2331.623779
2334.715088
2328.537842
2337.811768
2344.021973
2344.021973
2344.021973
2331.623779
2328.537842
2337.811768
2344.021973
2344.021973
2340.914307
2337.811768
2340.914307
2344.021973
2340.914307
2359.644531
2334.715088
2359.644531
2340.914307
2337.811768
2337.811768
2340.914307
2322.382324
2334.715088
2331.623779
2344.021973
2334.715088
2331.623779
2344.021973
2337.811768
2282.883545
2340.914307
2334.715088
2328.537842
2337.811768
2325.457275
2334.715088
2340.914307
2325.457275
2334.715088
2340.914307
2340.914307
2334.715088
2347.135254
2334.715088
2331.623779
2344.021973
2331.623779
2316.248047
2319.312500
2334.715088
2322.382324
2325.457275
2319.312500
2310.135010
2316.248047
2301.004639
2294.943848
2313.188965
2291.921143
2291.921143
2285.891113
2273.891357
2264.943604
2261.970947
2241.296875
2229.587402
2209.272705
2177.790039
2155.217773
2119.091797
2072.824463
2027.581787
1962.741699
1922.205933
1867.572021
1804.478027
1747.480713
1666.173340
1604.673706
1528.426025
1455.383667
1380.790039
1302.181641
1217.022583
1142.413696
1071.573975
1013.375671
913.104004
899.220886
861.914307
836.008606
785.911133
773.850037
764.162292
764.162292
759.305115
766.587463
790.720703
812.261902
833.642517
854.870728
871.281311
910.794006
926.932312
954.433105
968.109802
981.740234
990.802368
995.326294
999.845459
1011.123413
1006.615662
1006.615662
986.273743
995.326294
988.538635
968.109802
958.997314
936.121826
920.024902
896.901550
871.281311
843.095581
824.159302
790.720703
756.873169
707.745178
672.765503
627.011169
577.677368
532.549866
497.360229
453.178772
478.152924
382.048248
352.820129
340.996887
326.108734
329.096191
320.118835
343.959961
340.996887
358.703094
376.239563
376.239563
390.727203
407.964874
425.046112
436.348816
447.585083
464.317871
472.630585
494.627686
491.891388
494.627686
502.814178
502.814178
521.787231
529.864502
529.864502
543.256348
545.924377
553.907776
561.860779
588.156860
598.585632
603.781311
619.294922
637.258301
647.459229
657.614929
675.281067
705.263306
715.175720
725.048706
754.439026
769.010559
790.720703
793.122375
805.099792
821.783752
831.274536
824.159302
828.904724
850.166138
857.220398
866.601257
868.942139
868.942139
864.258667
871.281311
880.620911
875.954468
880.620911
885.280701
885.280701
871.281311
887.608093
894.580566
892.258057
894.580566
896.901550
901.538635
894.580566
892.258057
885.280701
882.951660
892.258057
866.601257
861.914307
861.914307
857.220398
859.568237
847.811157
892.258057
840.735107
845.454285
833.642517
845.454285
836.008606
836.008606
833.642517
826.533020
821.783752
828.904724
817.026733
817.026733
807.489136
802.708374
802.708374
800.314880
797.919434
802.708374
802.708374
802.708374
788.316956
802.708374
814.645264
833.642517
843.095581
854.870728
871.281311
901.538635
940.708008
956.715881
977.201782
999.845459
1017.876831
1035.838989
1062.662476
1089.355957
1115.934814
1151.220459
1168.807495
1197.321289
1217.022583
1232.328125
1265.087891
1293.454956
1310.908447
1334.912109
1348.010986
1374.229736
1389.541382
1398.298218
1420.216797
1420.216797
1433.389160
1444.379639
1546.263550
1455.383667
1461.993042
1475.228516
1477.436646
1499.556396
1503.989136
1515.084595
1528.426025
1544.030640
1566.402710
1588.876587
1606.935059
1618.259766
1647.850952
1668.470093
1693.830566
1700.779175
1733.398682
1747.480713
1773.467041
1804.478027
1823.733398
1852.877197
1882.352417
1917.188110
1932.273804
1978.130005
1988.448242
1998.814941
2038.139160
2067.450195
2089.032715
2108.108643
2138.460938
2158.024902
2172.121826
2206.388916
2215.054199
2226.671631
2223.760498
2232.507812
2247.179932
2229.587402
2250.128418
2250.128418
2247.179932
2247.179932
2250.128418
2229.587402
2244.236084
2238.362549
2229.587402
2244.236084
2250.128418
2247.179932
2238.362549
2259.003174
2244.236084
2244.236084
2261.970947
2241.296875
2241.296875
2229.587402
2229.587402
2238.362549
2250.128418
2241.296875
2244.236084
2241.296875
2229.587402
2238.362549
2247.179932
2244.236084
2241.296875
2238.362549
2244.236084
2238.362549
2244.236084
2247.179932
2238.362549
2223.760498
2238.362549
2203.509277
2197.763428
2192.035156
2177.790039
2160.835938
2141.243652
2113.592529
2089.032715
2062.089844
2017.076538
1972.988892
1944.919800
1902.197388
1852.877197
1785.354736
1731.057861
1673.067627
1604.673706
1546.263550
1481.854980
1385.165039
1369.857544
1319.635986
1262.905151
1214.834961
1175.394287
1122.563354
1084.915405
1042.557861
1011.123413
979.471619
942.998962
908.482483
896.901550
857.220398
954.433105
824.159302
802.708374
783.503174
759.305115
739.785950
710.224487
675.281067
637.258301
621.869995
588.156860
543.256348
510.967285
469.863617
323.116211
376.239563
340.996887
298.995270
271.462189
249.745789
246.621292
240.355484
230.914230
240.355484
249.745789
243.491241
259.085815
255.977997
259.085815
249.745789
252.864670
252.864670
255.977997
246.621292
265.284851
268.376312
246.621292
249.745789
249.745789
252.864670
252.864670
237.214081
246.621292
-13.086081
246.621292
249.745789
249.745789
249.745789
252.864670
240.355484
240.355484
255.977997
255.977997
237.214081
243.491241
243.491241
252.864670
243.491241
252.864670
249.745789
249.745789
249.745789
255.977997
255.977997
255.977997
252.864670
249.745789
252.864670
246.621292
243.491241
243.491241
243.491241
243.491241
243.491241
243.491241
243.491241
243.491241
243.491241
243.491241
243.491241
243.491241
243.491241
243.491241
243.491241
243.491241
243.491241
243.491241
243.491241
243.491241
243.491241
243.491241
243.491241
243.491241
243.491241
243.491241
243.491241
243.491241
243.491241
243.491241
243.491241
243.491241
243.491241
243.491241
243.491241
243.491241
243.491241
243.491241
243.491241
243.491241
243.491241
243.491241
243.491241
243.491241
243.491241
243.491241
243.491241
243.491241
243.491241
243.491241
243.491241
243.491241
243.491241
243.491241
243.491241
243.491241
243.491241
243.491241
243.491241
243.491241
243.491241
243.491241
243.491241
243.491241
243.491241
243.491241
243.491241
243.491241
243.491241
243.491241
243.491241
243.491241
243.491241
243.491241
243.491241
243.491241
243.491241
243.491241
243.491241
243.491241
243.491241
243.491241
243.491241
243.491241
243.491241
243.491241
243.491241
243.491241
243.491241
243.491241
243.491241
243.491241
243.491241
243.491241
243.491241
243.491241
243.491241
243.491241
243.491241
243.491241
243.491241
243.491241
243.491241
243.491241
243.491241
243.491241
243.491241
243.491241
243.491241
243.491241
243.491241
243.491241
243.491241
243.491241
243.491241
243.491241
243.491241
243.491241
243.491241
243.491241
243.491241
243.491241
243.491241
243.491241
243.491241
243.491241
243.491241
243.491241
243.491241
243.491241
243.491241
243.491241
243.491241
243.491241
243.491241
243.491241
243.491241
243.491241
243.491241
243.491241
243.491241
243.491241
243.491241
243.491241
243.491241
243.491241
243.491241
243.491241
243.491241
243.491241
243.491241
243.491241
243.491241
243.491241
243.491241
243.491241
243.491241
243.491241
243.491241
243.491241
243.491241
243.491241
243.491241
243.491241
243.491241
243.491241
243.491241
243.491241
243.491241
243.491241
243.491241
243.491241
243.491241
243.491241
243.491241
243.491241
243.491241
243.491241
243.491241
243.491241
243.491241
243.491241
243.491241
243.491241
243.491241
243.491241
243.491241
243.491241
243.491241
243.491241
243.491241
243.491241
243.491241
243.491241
243.491241
243.491241
243.491241
243.491241
243.491241
243.491241
243.491241
243.491241
243.491241
243.491241
243.491241
243.491241
243.491241
243.491241
243.491241
243.491241
243.491241
243.491241
243.491241
243.491241
243.491241
243.491241
243.491241
243.491241
243.491241
243.491241
243.491241
243.491241
243.491241
243.491241
243.491241
243.491241
243.491241
243.491241
243.491241
243.491241
243.491241
243.491241
243.491241
243.491241
243.491241
243.491241
243.491241
243.491241
243.491241
243.491241
243.491241
243.491241
243.491241
243.491241
243.491241
243.491241
243.491241
243.491241
243.491241
243.491241
243.491241
243.491241
243.491241
243.491241
243.491241
243.491241
243.491241
243.491241
243.491241
243.491241
243.491241
243.491241
243.491241
243.491241
243.491241
243.491241
243.491241
243.491241
243.491241
243.491241
243.491241
243.491241
243.491241
243.491241
243.491241
243.491241
243.491241
243.491241
243.491241
243.491241
243.491241
243.491241
243.491241
243.491241
243.491241
243.491241
243.491241
243.491241
243.491241
243.491241
243.491241
243.491241
243.491241
243.491241
243.491241
243.491241
243.491241
243.491241
243.491241
243.491241
243.491241
243.491241
243.491241
243.491241
243.491241
243.491241
243.491241
243.491241
243.491241
0.000000
