45962
48242
110172
120186
135974
140175
176299
180880
255785
266632
272329
295312
304062
327447
335542
358504
364475
376153
382249
405807
412144
424367
426820
432523
471158
473929
507656
510048
544210
547920
563723
585819
587382
610803
613407
627523
628559
656186
677590
684143
726949
730753
736041
738364
824530
829973
859102
865358
906386
962908
967908
999277
1062486
1121750
1125631
1136896
1139787
1155440
1160366
1300635
1311036
1324497
1359746
1389770
1407690
1497966
1500616
1562602
1572636
1588402
1592549
1628164
1632822
1706481
1717552
1723007
1746298
1755131
1778599
1786613
1810004
1816504
1828178
1833956
1857314
1863630
1875751
1878075
1885284
1925085
1927765
1963563
1965872
1999816
2004172
2019584
2042514
2043819
2067769
2070179
2084304
2086336
2113941
2135353
2141862
2184122
2187477
2192304
2194738
2280581
2286197
2314983
2320958
2362372
2419743
2423873
2454931
2517910
2577672
2581289
2592884
2596176
2610952
2615635
2754806
2765520
2779270
2812737
2843756
2862050
0
0
0
0
0
0
0
0
0
0
0
0
0
0
0
0
0
0
0
0
0
0
0
0
0
0
0
0
0
0
0
0
0
0
0
0
0
0
0
0
0
0
0
0
0
0
0
0
0
0
0
0
0
0
0
0
0
0
0
0
0
0
0
0
0
0
0
0
0
0
0
0
0
0
0
0
0
0
0
0
0
0
0
0
0
0
0
0
0
0
0
0
0
0
0
0
0
0
0
0
0
0
0
0
0
0
0
0
0
0
0
0
0
0
0
0
0
0
0
0
0
0
0
0
0
0
0
0
0
0
0
0
0
0
0
0
0
0
0
0
0
0
0
0
0
0
0
0
0
0
0
0
0
0
0
0
0
0
0
0
0
0
0
0
0
0
0
0
0
0
0
0
0
0
0
0
0
0
0
0
0
0
0
0
0
0
0
0
0
0
0
0
0
0
0
0
0
0
0
0
0
0
0
0
0
0
0
0
0
0
0
0
0
0
0
0
0
0
0
0
0
0
0
0
0
0
0
0
0
0
0
0
0
0
0
0
0
0
0
0
0
0
0
0
0
0
0
0
0
0
0
0
0
0
0
0
0
0
0
0
0
0
0
0
0
0
0
0
0
0
0
0
0
0
0
0
0
0
0
0
0
0
0
0
0
0
0
0
0
0
0
0
0
0
0
0
0
0
0
0
0
0
0
0
0
0
0
0
0
0
0
0
0
0
0
0
0
0
0
0
0
0
0
0
0
0
0
0
0
0
0
0
0
0
0
0
0
0
0
0
0
0
0
0
0
0
0
0
0
0
0
0
0
0
0
0
0
0
0
0
0
0
0
0
0
0
0
0
0
0
0
0
0
0
0
0
0
0
0
0
0
0
0
0
0
0
0
0
0
0
0
0
0
0
0
0
0
0
0
0
0
0
0
0
0
0
0
0
0
0
0
0
0
0
0
0
0
0
0
0
0
0
0
0
0
0
0
0
0
0
0
0
0
0
0
0
0
0
0
0
0
0
0
0
0
0
0
0
0
0
0
0
0
0
0
0
0
0
0
0
0
0
0
0
0
0
0
0
0
0
