43418
52166
89239
114187
132725
153937
167928
188999
235118
243561
251902
266582
279616
294340
307184
321607
330468
338781
347592
362002
370395
378889
381327
390406
405298
412612
452134
461120
501422
519936
531849
554959
558869
570302
575764
584519
590463
601466
609096
641155
657295
668946
679651
687980
780605
807338
820959
847122
892872
928998
950468
985236
1025300
1071772
1074796
1082407
1095588
1108021
1127912
1270746
1285859
1290722
1355328
1381655
1397903
1478181
1487854
1524744
1548939
1566528
1587828
1602447
1623193
1670800
1678556
1687158
1701663
1714984
1729655
1742569
1757018
1765843
1774235
1783371
1797505
1806446
1814808
1817276
1826339
1840922
1848868
1888060
1896271
1936739
1955050
1967658
1990257
1993967
2005506
2010870
2020875
2025115
2035888
2043507
2073100
2092093
2105312
2115123
2124657
2215201
2241938
2256684
2282651
2328774
2364145
2385284
2419958
2460373
2507351
2510997
2518853
2533470
2543144
2563041
2707624
2722574
2728680
2793778
2819319
2835903
0
0
0
0
0
0
0
0
0
0
0
0
0
0
0
0
0
0
0
0
0
0
0
0
0
0
0
0
0
0
0
0
0
0
0
0
0
0
0
0
0
0
0
0
0
0
0
0
0
0
0
0
0
0
0
0
0
0
0
0
0
0
0
0
0
0
0
0
0
0
0
0
0
0
0
0
0
0
0
0
0
0
0
0
0
0
0
0
0
0
0
0
0
0
0
0
0
0
0
0
0
0
0
0
0
0
0
0
0
0
0
0
0
0
0
0
0
0
0
0
0
0
0
0
0
0
0
0
0
0
0
0
0
0
0
0
0
0
0
0
0
0
0
0
0
0
0
0
0
0
0
0
0
0
0
0
0
0
0
0
0
0
0
0
0
0
0
0
0
0
0
0
0
0
0
0
0
0
0
0
0
0
0
0
0
0
0
0
0
0
0
0
0
0
0
0
0
0
0
0
0
0
0
0
0
0
0
0
0
0
0
0
0
0
0
0
0
0
0
0
0
0
0
0
0
0
0
0
0
0
0
0
0
0
0
0
0
0
0
0
0
0
0
0
0
0
0
0
0
0
0
0
0
0
0
0
0
0
0
0
0
0
0
0
0
0
0
0
0
0
0
0
0
0
0
0
0
0
0
0
0
0
0
0
0
0
0
0
0
0
0
0
0
0
0
0
0
0
0
0
0
0
0
0
0
0
0
0
0
0
0
0
0
0
0
0
0
0
0
0
0
0
0
0
0
0
0
0
0
0
0
0
0
0
0
0
0
0
0
0
0
0
0
0
0
0
0
0
0
0
0
0
0
0
0
0
0
0
0
0
0
0
0
0
0
0
0
0
0
0
0
0
0
0
0
0
0
0
0
0
0
0
0
0
0
0
0
0
0
0
0
0
0
0
0
0
0
0
0
0
0
0
0
0
0
0
0
0
0
0
0
0
0
0
0
0
0
0
0
0
0
0
0
0
0
0
0
0
0
0
0
0
0
0
0
0
0
0
0
0
0
0
0
0
0
0
0
0
0
0
0
0
0
0
0
0
0
0
0
0
0
0
0
0
0
0
0
0
0
0
