0.000000
427.097168
88.978577
-53.387146
124.570007
17.795715
106.774292
71.182861
88.978577
106.774292
124.570007
124.570007
124.570007
160.161438
160.161438
160.161438
160.161438
177.957153
195.752869
195.752869
213.548584
195.752869
249.140015
231.344299
249.140015
266.935730
249.140015
266.935730
284.731445
284.731445
284.731445
302.527161
320.322876
338.118591
338.118591
355.914307
373.710022
373.710022
355.914307
409.301453
391.505737
409.301453
427.097168
427.097168
444.892883
462.688599
462.688599
480.484314
462.688599
498.280029
480.484314
516.075745
516.075745
516.075745
551.667175
533.871460
551.667175
551.667175
587.258606
587.258606
605.054321
587.258606
622.850037
622.850037
640.645752
658.441467
640.645752
658.441467
676.237183
676.237183
711.828613
694.032898
711.828613
729.624329
694.032898
747.420044
747.420044
747.420044
747.420044
800.807190
800.807190
783.011475
836.398621
818.602905
836.398621
836.398621
836.398621
854.194336
871.990051
889.785767
889.785767
907.581482
925.377197
925.377197
925.377197
943.172913
943.172913
943.172913
960.968628
978.764343
1014.355774
996.560059
1014.355774
996.560059
1032.151489
1014.355774
1049.947266
1067.742920
1032.151489
1049.947266
1049.947266
1049.947266
1032.151489
1085.538696
1103.334351
1049.947266
1085.538696
1121.130127
1103.334351
1121.130127
1103.334351
1174.517212
1174.517212
1174.517212
1210.108643
1227.904419
1227.904419
1263.495850
1245.700073
1263.495850
1263.495850
1299.087280
1281.291504
1281.291504
1263.495850
1299.087280
1281.291504
1263.495850
1281.291504
1316.882935
1299.087280
1299.087280
1299.087280
1316.882935
1334.678711
1352.474365
1370.270142
1352.474365
1405.861572
1370.270142
1423.657227
1441.453003
1370.270142
1441.453003
1441.453003
1459.248657
1459.248657
1459.248657
1477.044434
1494.840088
1494.840088
1512.635864
1477.044434
1477.044434
1477.044434
1477.044434
1512.635864
1494.840088
1530.431519
1548.227295
1530.431519
1583.818726
1583.818726
1637.205811
1637.205811
1672.797241
1672.797241
1672.797241
1672.797241
1672.797241
1708.388672
1690.593018
1655.001587
1655.001587
1690.593018
1690.593018
1690.593018
1672.797241
1726.184448
1690.593018
1708.388672
1761.775879
1743.980103
1743.980103
1779.571533
1743.980103
1797.367310
1815.162964
1815.162964
1779.571533
1850.754395
1850.754395
1832.958740
1815.162964
1779.571533
1850.754395
1850.754395
1797.367310
1868.550171
1815.162964
1904.141602
1939.733032
1939.733032
1993.120117
1993.120117
2028.711548
2010.915894
1993.120117
2010.915894
2010.915894
1975.324463
1957.528687
1975.324463
1993.120117
1975.324463
1975.324463
1993.120117
2046.507324
2082.098877
2046.507324
2082.098877
2064.302979
2099.894531
2117.690186
2099.894531
2099.894531
2171.077393
2117.690186
2046.507324
2117.690186
2135.485840
2064.302979
2117.690186
2099.894531
2206.668701
2224.464600
2224.464600
2277.851562
2313.443115
2260.055908
2295.647461
2260.055908
2224.464600
2242.260254
2224.464600
2224.464600
2260.055908
2224.464600
2242.260254
2313.443115
2295.647461
2313.443115
2277.851562
2366.830322
2331.238770
2331.238770
2366.830322
2384.625977
2331.238770
2313.443115
2331.238770
2349.034424
2313.443115
2349.034424
2402.421631
2473.604492
2491.400146
2509.196045
2491.400146
2438.013184
2473.604492
2402.421631
2473.604492
2420.217285
2473.604492
2455.808838
2491.400146
2473.604492
2473.604492
2491.400146
2473.604492
2544.787354
2509.196045
2491.400146
2562.583008
2509.196045
2455.808838
2544.787354
2509.196045
2526.991699
2509.196045
2598.174561
2598.174561
2669.357422
2704.948730
2651.561768
2633.765869
2615.970215
2598.174561
2633.765869
2633.765869
2651.561768
2633.765869
2633.765869
2651.561768
2651.561768
2669.357422
2704.948730
2704.948730
2704.948730
2740.540283
2704.948730
2651.561768
2758.335938
2669.357422
2687.153076
2740.540283
2758.335938
2829.518799
2882.906006
2865.110352
2829.518799
2829.518799
2793.927490
2758.335938
2847.314453
2829.518799
2793.927490
2847.314453
2829.518799
2811.723145
2847.314453
2900.701660
2865.110352
2918.497314
2882.906006
2793.927490
2900.701660
2900.701660
2829.518799
2954.088867
2971.884521
2989.680176
3043.067383
2936.293213
3060.863037
2936.293213
2971.884521
2900.701660
2971.884521
3007.476074
3007.476074
2989.680176
2989.680176
2971.884521
3043.067383
2989.680176
3060.863037
3060.863037
2936.293213
3007.476074
3043.067383
2971.884521
3149.841797
3149.841797
3132.045898
3221.024658
3096.454590
3114.250244
3132.045898
3096.454590
3096.454590
3149.841797
3167.637451
3167.637451
3132.045898
3132.045898
3167.637451
3149.841797
3167.637451
3132.045898
3132.045898
3132.045898
3167.637451
3221.024658
3292.207520
3327.798828
3274.411621
3345.594482
3310.003174
3238.820312
3256.615967
3238.820312
3238.820312
3292.207520
3274.411621
3310.003174
3274.411621
3292.207520
3310.003174
3292.207520
3274.411621
3292.207520
3274.411621
3274.411621
3381.186035
3434.573242
3434.573242
3327.798828
3398.981689
3345.594482
3363.390381
3327.798828
3398.981689
3398.981689
3470.164551
3381.186035
3363.390381
3416.777344
3363.390381
3416.777344
3327.798828
3363.390381
3398.981689
3327.798828
3487.960205
3576.938965
3541.347412
3576.938965
3434.573242
3416.777344
3470.164551
3487.960205
3505.756104
3505.756104
3559.143066
3505.756104
3505.756104
3541.347412
3487.960205
3541.347412
3434.573242
3505.756104
3505.756104
3523.551758
3701.508789
3665.917480
3665.917480
3576.938965
3541.347412
3541.347412
3505.756104
3630.325928
3594.734619
3612.530273
3665.917480
3630.325928
3630.325928
3576.938965
3612.530273
3559.143066
3594.734619
3630.325928
3630.325928
3772.691650
3808.283203
3754.895996
3754.895996
3576.938965
3648.121826
3648.121826
3719.304688
3719.304688
3683.713135
3737.100342
3754.895996
3719.304688
3701.508789
3576.938965
3630.325928
3701.508789
3719.304688
3843.874512
3879.466064
3879.466064
3790.487549
3719.304688
3719.304688
3754.895996
3754.895996
3826.078857
3808.283203
3790.487549
3843.874512
3808.283203
3826.078857
3701.508789
3737.100342
3790.487549
3861.670410
3968.444580
3968.444580
3986.240234
3915.057373
3826.078857
3790.487549
3790.487549
3843.874512
3950.648926
3879.466064
3861.670410
3968.444580
3879.466064
3879.466064
3772.691650
3861.670410
3843.874512
4021.831787
4021.831787
4110.810547
4075.218994
3932.853271
3915.057373
3879.466064
3932.853271
4004.036133
4039.627441
3950.648926
4039.627441
4004.036133
3986.240234
3897.261719
3897.261719
3968.444580
4110.810547
4128.605957
4146.401855
4093.014648
4004.036133
4039.627441
4057.423096
4039.627441
4110.810547
4057.423096
4057.423096
4128.605957
4110.810547
4021.831787
4021.831787
4004.036133
4039.627441
4235.380371
4217.584473
4253.176270
4253.176270
4110.810547
4093.014648
4181.993164
4075.218994
4146.401855
4181.993164
4181.993164
4181.993164
4181.993164
4057.423096
4093.014648
4075.218994
4288.767578
4359.950195
4288.767578
4217.584473
4253.176270
4164.197754
4253.176270
4217.584473
4270.971680
4181.993164
4342.154785
4288.767578
4324.358887
4181.993164
4217.584473
4110.810547
4270.971680
4377.746094
4448.929199
4359.950195
4288.767578
4270.971680
4253.176270
4270.971680
4306.563477
4288.767578
4377.746094
4342.154785
4306.563477
4235.380371
4253.176270
4288.767578
4324.358887
4555.703125
4537.907715
4395.541992
4359.950195
4431.133301
4253.176270
4413.337402
4377.746094
4413.337402
4448.929199
4431.133301
4359.950195
4288.767578
4306.563477
4484.520508
4537.907715
4520.111816
4502.315918
4431.133301
4413.337402
4448.929199
4502.315918
4413.337402
4431.133301
4502.315918
4502.315918
4395.541992
4413.337402
4431.133301
4537.907715
4591.294922
4626.886230
4502.315918
4555.703125
4413.337402
4537.907715
4555.703125
4537.907715
4466.724609
4609.090332
4555.703125
4484.520508
4466.724609
4502.315918
4537.907715
4680.273438
4680.273438
4626.886230
4591.294922
4555.703125
4555.703125
4644.681641
4662.477539
4520.111816
4573.499023
4644.681641
4502.315918
4537.907715
4609.090332
4698.068848
4751.456055
4822.639160
4733.660645
4591.294922
4715.864746
4609.090332
4698.068848
4680.273438
4644.681641
4751.456055
4733.660645
4662.477539
4573.499023
4822.639160
5018.392090
5036.187500
5249.736328
5285.327637
5107.370605
5142.961914
4947.208984
4715.864746
4626.886230
4769.251953
4733.660645
4644.681641
4733.660645
4840.434570
4822.639160
4858.230469
4822.639160
4733.660645
4769.251953
4751.456055
4840.434570
4769.251953
4804.843262
4751.456055
4769.251953
4680.273438
4751.456055
4822.639160
5018.392090
4982.800293
4982.800293
4893.821777
4822.639160
4965.004883
5018.392090
5071.778809
4929.413086
4840.434570
4876.026367
4804.843262
4751.456055
4965.004883
5018.392090
5071.778809
4982.800293
4822.639160
4947.208984
4947.208984
5036.187500
4982.800293
5053.983398
5018.392090
4840.434570
4840.434570
4965.004883
5089.574707
5160.757812
5036.187500
4929.413086
4893.821777
4947.208984
5125.166016
5089.574707
5071.778809
5018.392090
5036.187500
4929.413086
4947.208984
5053.983398
5160.757812
5285.327637
5089.574707
4947.208984
4982.800293
5053.983398
5107.370605
4982.800293
5107.370605
5125.166016
4911.617676
4947.208984
4965.004883
5125.166016
5160.757812
5160.757812
5000.596191
4911.617676
4965.004883
5053.983398
5053.983398
5018.392090
5107.370605
5018.392090
4840.434570
4947.208984
5089.574707
5196.349121
5142.961914
5089.574707
5000.596191
4929.413086
5053.983398
5089.574707
5107.370605
5089.574707
5160.757812
4965.004883
4911.617676
5036.187500
5249.736328
5214.144531
5196.349121
5036.187500
5036.187500
5053.983398
0.000000
