0.000000
195.752869
0.000000
53.387146
71.182861
35.591431
106.774292
71.182861
106.774292
88.978577
124.570007
124.570007
142.365723
142.365723
142.365723
160.161438
160.161438
177.957153
177.957153
213.548584
195.752869
249.140015
231.344299
231.344299
249.140015
249.140015
266.935730
284.731445
302.527161
302.527161
320.322876
320.322876
338.118591
338.118591
338.118591
373.710022
409.301453
355.914307
391.505737
427.097168
409.301453
427.097168
427.097168
409.301453
462.688599
444.892883
462.688599
480.484314
480.484314
516.075745
498.280029
533.871460
533.871460
551.667175
569.462891
569.462891
569.462891
587.258606
569.462891
622.850037
622.850037
622.850037
640.645752
676.237183
676.237183
694.032898
694.032898
711.828613
711.828613
747.420044
747.420044
765.215759
783.011475
800.807190
800.807190
818.602905
836.398621
854.194336
854.194336
854.194336
854.194336
854.194336
889.785767
889.785767
907.581482
907.581482
907.581482
889.785767
907.581482
943.172913
943.172913
943.172913
943.172913
996.560059
1014.355774
996.560059
1014.355774
1032.151489
1032.151489
1049.947266
1049.947266
1049.947266
1049.947266
1067.742920
1067.742920
1067.742920
1103.334351
1085.538696
1103.334351
1121.130127
1121.130127
1156.721558
1174.517212
1174.517212
1192.312988
1192.312988
1210.108643
1227.904419
1210.108643
1210.108643
1227.904419
1227.904419
1227.904419
1227.904419
1263.495850
1227.904419
1245.700073
1281.291504
1281.291504
1281.291504
1281.291504
1352.474365
1352.474365
1352.474365
1388.065796
1388.065796
1405.861572
1423.657227
1441.453003
1459.248657
1459.248657
1459.248657
1494.840088
1459.248657
1441.453003
1459.248657
1441.453003
1512.635864
1530.431519
1530.431519
1512.635864
1530.431519
1530.431519
1512.635864
1566.022949
1548.227295
1583.818726
1583.818726
1566.022949
1601.614380
1655.001587
1619.410156
1637.205811
1655.001587
1690.593018
1655.001587
1672.797241
1655.001587
1637.205811
1655.001587
1708.388672
1637.205811
1690.593018
1655.001587
1672.797241
1743.980103
1726.184448
1743.980103
1726.184448
1761.775879
1743.980103
1797.367310
1743.980103
1708.388672
1690.593018
1566.022949
1726.184448
1726.184448
1655.001587
1726.184448
1672.797241
1672.797241
1690.593018
1637.205811
1655.001587
1672.797241
1637.205811
1619.410156
1583.818726
1601.614380
1566.022949
1566.022949
1494.840088
1423.657227
1370.270142
1370.270142
1299.087280
1210.108643
1174.517212
1121.130127
1085.538696
1085.538696
1138.925781
1156.721558
1245.700073
1299.087280
1316.882935
1263.495850
1245.700073
1245.700073
1227.904419
1227.904419
1174.517212
1174.517212
1156.721558
1121.130127
1121.130127
1103.334351
1067.742920
996.560059
960.968628
925.377197
871.990051
854.194336
800.807190
729.624329
658.441467
605.054321
569.462891
587.258606
605.054321
676.237183
729.624329
800.807190
854.194336
871.990051
854.194336
854.194336
854.194336
836.398621
836.398621
818.602905
818.602905
800.807190
783.011475
783.011475
783.011475
747.420044
747.420044
729.624329
676.237183
711.828613
711.828613
676.237183
694.032898
658.441467
640.645752
676.237183
622.850037
658.441467
605.054321
622.850037
605.054321
605.054321
605.054321
605.054321
605.054321
587.258606
605.054321
622.850037
640.645752
711.828613
605.054321
605.054321
605.054321
605.054321
622.850037
605.054321
622.850037
605.054321
622.850037
622.850037
640.645752
622.850037
622.850037
622.850037
640.645752
640.645752
658.441467
640.645752
640.645752
658.441467
676.237183
694.032898
729.624329
694.032898
694.032898
747.420044
694.032898
765.215759
765.215759
765.215759
765.215759
783.011475
783.011475
800.807190
818.602905
818.602905
854.194336
871.990051
871.990051
889.785767
925.377197
925.377197
907.581482
907.581482
907.581482
907.581482
943.172913
943.172913
943.172913
943.172913
960.968628
960.968628
960.968628
978.764343
978.764343
978.764343
1032.151489
1049.947266
1032.151489
1014.355774
1032.151489
1067.742920
1049.947266
1049.947266
1085.538696
1103.334351
1103.334351
1085.538696
1138.925781
1085.538696
1121.130127
1103.334351
1103.334351
1121.130127
1156.721558
1138.925781
1138.925781
1156.721558
1156.721558
1174.517212
1174.517212
1174.517212
1174.517212
1156.721558
1192.312988
1138.925781
1156.721558
1192.312988
1156.721558
1156.721558
1192.312988
1138.925781
1192.312988
1156.721558
1192.312988
1210.108643
1192.312988
1192.312988
1210.108643
1192.312988
1210.108643
1192.312988
1174.517212
1210.108643
1192.312988
1121.130127
1049.947266
1192.312988
1156.721558
1138.925781
1192.312988
1085.538696
1156.721558
1174.517212
1085.538696
1156.721558
1103.334351
1121.130127
1121.130127
1138.925781
1121.130127
1121.130127
1103.334351
1138.925781
1121.130127
1085.538696
1103.334351
1103.334351
1049.947266
1032.151489
1049.947266
1014.355774
1032.151489
996.560059
1014.355774
978.764343
978.764343
978.764343
960.968628
960.968628
960.968628
960.968628
978.764343
960.968628
943.172913
925.377197
907.581482
907.581482
907.581482
889.785767
889.785767
871.990051
907.581482
889.785767
925.377197
836.398621
871.990051
889.785767
889.785767
889.785767
889.785767
889.785767
889.785767
871.990051
889.785767
871.990051
871.990051
889.785767
871.990051
889.785767
889.785767
889.785767
889.785767
854.194336
889.785767
907.581482
871.990051
889.785767
925.377197
925.377197
836.398621
871.990051
854.194336
818.602905
854.194336
854.194336
836.398621
871.990051
854.194336
854.194336
854.194336
836.398621
871.990051
871.990051
854.194336
854.194336
854.194336
836.398621
889.785767
907.581482
854.194336
907.581482
871.990051
889.785767
854.194336
889.785767
871.990051
871.990051
889.785767
907.581482
907.581482
871.990051
871.990051
871.990051
871.990051
889.785767
889.785767
889.785767
907.581482
907.581482
907.581482
907.581482
907.581482
907.581482
907.581482
889.785767
925.377197
907.581482
907.581482
943.172913
943.172913
925.377197
925.377197
943.172913
960.968628
978.764343
960.968628
978.764343
1032.151489
1014.355774
1014.355774
1014.355774
1014.355774
1014.355774
1014.355774
1014.355774
1032.151489
1014.355774
1032.151489
1014.355774
996.560059
1014.355774
996.560059
996.560059
978.764343
1014.355774
1014.355774
1049.947266
996.560059
978.764343
1014.355774
1032.151489
1049.947266
1049.947266
1032.151489
1067.742920
1032.151489
1049.947266
1049.947266
1032.151489
1049.947266
1032.151489
1085.538696
1032.151489
1067.742920
1085.538696
1032.151489
1067.742920
1067.742920
1085.538696
1067.742920
1049.947266
1067.742920
1032.151489
1032.151489
1049.947266
1032.151489
1032.151489
996.560059
1032.151489
996.560059
1049.947266
978.764343
1014.355774
996.560059
978.764343
996.560059
978.764343
978.764343
960.968628
1014.355774
978.764343
978.764343
996.560059
925.377197
996.560059
1014.355774
960.968628
996.560059
1032.151489
978.764343
978.764343
996.560059
996.560059
1014.355774
996.560059
996.560059
996.560059
960.968628
978.764343
996.560059
943.172913
925.377197
943.172913
978.764343
907.581482
943.172913
925.377197
943.172913
943.172913
943.172913
943.172913
925.377197
996.560059
943.172913
925.377197
996.560059
943.172913
943.172913
943.172913
943.172913
907.581482
925.377197
943.172913
925.377197
925.377197
943.172913
925.377197
943.172913
907.581482
925.377197
907.581482
907.581482
943.172913
871.990051
907.581482
889.785767
889.785767
889.785767
871.990051
889.785767
889.785767
871.990051
889.785767
871.990051
889.785767
871.990051
907.581482
907.581482
889.785767
907.581482
907.581482
925.377197
943.172913
943.172913
960.968628
943.172913
960.968628
943.172913
943.172913
978.764343
996.560059
978.764343
996.560059
978.764343
996.560059
978.764343
978.764343
978.764343
960.968628
978.764343
960.968628
960.968628
943.172913
943.172913
960.968628
925.377197
943.172913
943.172913
996.560059
960.968628
943.172913
1014.355774
960.968628
996.560059
996.560059
996.560059
996.560059
1014.355774
1014.355774
1014.355774
996.560059
996.560059
1014.355774
978.764343
996.560059
1032.151489
1014.355774
1032.151489
1032.151489
1014.355774
1014.355774
960.968628
1014.355774
1014.355774
978.764343
1032.151489
996.560059
978.764343
960.968628
978.764343
978.764343
960.968628
960.968628
960.968628
960.968628
925.377197
996.560059
978.764343
960.968628
978.764343
996.560059
996.560059
996.560059
1014.355774
996.560059
978.764343
1032.151489
1014.355774
1014.355774
1014.355774
996.560059
1049.947266
1032.151489
1032.151489
1014.355774
996.560059
996.560059
1014.355774
996.560059
978.764343
996.560059
960.968628
978.764343
960.968628
978.764343
978.764343
925.377197
996.560059
978.764343
960.968628
943.172913
1014.355774
960.968628
978.764343
978.764343
960.968628
996.560059
996.560059
996.560059
978.764343
978.764343
960.968628
1014.355774
943.172913
960.968628
978.764343
996.560059
996.560059
978.764343
978.764343
960.968628
978.764343
960.968628
978.764343
978.764343
960.968628
925.377197
943.172913
943.172913
925.377197
925.377197
907.581482
925.377197
907.581482
907.581482
907.581482
907.581482
925.377197
871.990051
871.990051
871.990051
889.785767
889.785767
943.172913
925.377197
925.377197
0.000000
