0.000000
320.322876
53.387146
0.000000
106.774292
35.591431
106.774292
88.978577
106.774292
106.774292
106.774292
124.570007
142.365723
142.365723
160.161438
160.161438
160.161438
177.957153
195.752869
231.344299
231.344299
231.344299
231.344299
249.140015
266.935730
302.527161
266.935730
302.527161
320.322876
320.322876
302.527161
320.322876
373.710022
338.118591
355.914307
391.505737
373.710022
373.710022
427.097168
409.301453
427.097168
480.484314
444.892883
480.484314
480.484314
480.484314
533.871460
516.075745
533.871460
516.075745
516.075745
551.667175
533.871460
551.667175
551.667175
551.667175
569.462891
569.462891
605.054321
605.054321
622.850037
622.850037
640.645752
640.645752
658.441467
658.441467
676.237183
676.237183
676.237183
694.032898
694.032898
711.828613
747.420044
729.624329
729.624329
765.215759
765.215759
747.420044
800.807190
800.807190
783.011475
783.011475
783.011475
818.602905
818.602905
854.194336
871.990051
854.194336
836.398621
871.990051
871.990051
907.581482
907.581482
925.377197
925.377197
943.172913
943.172913
960.968628
943.172913
925.377197
960.968628
943.172913
978.764343
996.560059
1032.151489
1014.355774
1014.355774
1032.151489
1032.151489
1049.947266
1032.151489
1067.742920
1067.742920
1103.334351
1103.334351
1103.334351
1103.334351
1121.130127
1156.721558
1174.517212
1174.517212
1174.517212
1192.312988
1174.517212
1210.108643
1227.904419
1210.108643
1227.904419
1263.495850
1245.700073
1245.700073
1227.904419
1263.495850
1263.495850
1316.882935
1299.087280
1281.291504
1299.087280
1281.291504
1299.087280
1299.087280
1316.882935
1352.474365
1334.678711
1299.087280
1316.882935
1352.474365
1388.065796
1405.861572
1441.453003
1423.657227
1459.248657
1459.248657
1441.453003
1477.044434
1459.248657
1441.453003
1477.044434
1512.635864
1477.044434
1494.840088
1512.635864
1477.044434
1477.044434
1477.044434
1512.635864
1566.022949
1530.431519
1530.431519
1548.227295
1530.431519
1566.022949
1601.614380
1583.818726
1548.227295
1690.593018
1815.162964
1672.797241
1708.388672
1761.775879
1761.775879
1743.980103
1726.184448
1672.797241
1637.205811
1672.797241
1690.593018
1726.184448
1655.001587
1708.388672
1708.388672
1743.980103
1797.367310
1832.958740
1779.571533
1779.571533
1797.367310
1850.754395
1832.958740
1797.367310
1779.571533
1815.162964
1850.754395
1797.367310
1779.571533
1850.754395
1832.958740
1850.754395
1832.958740
1832.958740
1868.550171
1921.937256
1886.345825
1993.120117
2082.098877
1939.733032
1975.324463
1993.120117
1939.733032
2028.711548
2010.915894
1975.324463
1939.733032
1975.324463
1957.528687
2028.711548
2028.711548
1993.120117
2082.098877
2099.894531
2046.507324
2046.507324
2082.098877
2117.690186
2082.098877
2028.711548
2099.894531
2082.098877
2046.507324
2117.690186
2064.302979
2117.690186
2117.690186
2046.507324
2099.894531
2135.485840
2171.077393
2295.647461
2295.647461
2260.055908
2260.055908
2206.668701
2224.464600
2260.055908
2224.464600
2171.077393
2153.281738
2242.260254
2224.464600
2188.873047
2295.647461
2402.421631
2349.034424
2277.851562
2331.238770
2331.238770
2313.443115
2295.647461
2313.443115
2331.238770
2313.443115
2313.443115
2331.238770
2295.647461
2313.443115
2366.830322
2455.808838
2509.196045
2420.217285
2509.196045
2473.604492
2384.625977
2384.625977
2420.217285
2438.013184
2366.830322
2420.217285
2438.013184
2438.013184
2509.196045
2562.583008
2633.765869
2526.991699
2526.991699
2544.787354
2544.787354
2473.604492
2598.174561
2509.196045
2491.400146
2491.400146
2526.991699
2509.196045
2580.378906
2758.335938
2704.948730
2687.153076
2722.744629
2669.357422
2598.174561
2633.765869
2580.378906
2580.378906
2580.378906
2669.357422
2669.357422
2722.744629
2811.723145
2740.540283
2687.153076
2758.335938
2740.540283
2651.561768
2758.335938
2722.744629
2633.765869
2669.357422
2793.927490
2776.131592
2847.314453
2865.110352
2865.110352
2882.906006
2882.906006
2811.723145
2811.723145
2811.723145
2811.723145
2793.927490
2900.701660
2882.906006
2829.518799
2971.884521
2900.701660
2882.906006
2954.088867
2829.518799
2865.110352
2882.906006
2847.314453
2811.723145
2900.701660
2882.906006
3078.658936
3096.454590
2936.293213
3025.271729
2989.680176
2971.884521
2936.293213
2971.884521
2989.680176
3007.476074
3007.476074
2971.884521
3025.271729
3078.658936
3043.067383
3043.067383
2989.680176
2954.088867
3025.271729
2971.884521
2954.088867
3007.476074
3096.454590
3132.045898
3238.820312
3203.228760
3078.658936
3096.454590
3060.863037
3078.658936
3132.045898
3114.250244
3149.841797
3203.228760
3185.433105
3185.433105
3256.615967
3132.045898
3167.637451
3167.637451
3132.045898
3167.637451
3132.045898
3238.820312
3345.594482
3256.615967
3327.798828
3310.003174
3238.820312
3274.411621
3221.024658
3256.615967
3310.003174
3292.207520
3310.003174
3310.003174
3256.615967
3416.777344
3310.003174
3310.003174
3292.207520
3238.820312
3274.411621
3274.411621
3274.411621
3470.164551
3398.981689
3381.186035
3398.981689
3345.594482
3327.798828
3292.207520
3381.186035
3452.368896
3398.981689
3452.368896
3398.981689
3416.777344
3470.164551
3398.981689
3416.777344
3363.390381
3327.798828
3470.164551
3487.960205
3523.551758
3612.530273
3630.325928
3754.895996
3630.325928
3523.551758
3434.573242
3487.960205
3576.938965
3505.756104
3559.143066
3523.551758
3541.347412
3594.734619
3487.960205
3541.347412
3487.960205
3541.347412
3648.121826
3665.917480
3683.713135
3648.121826
3594.734619
3594.734619
3559.143066
3612.530273
3630.325928
3754.895996
3648.121826
3594.734619
3683.713135
3594.734619
3701.508789
3612.530273
3594.734619
3648.121826
3576.938965
3737.100342
3879.466064
3737.100342
3648.121826
3826.078857
3630.325928
3683.713135
3826.078857
3772.691650
3772.691650
3701.508789
3719.304688
3719.304688
3701.508789
3772.691650
3665.917480
3737.100342
3719.304688
3772.691650
3879.466064
3843.874512
3879.466064
3826.078857
3843.874512
3737.100342
3915.057373
3968.444580
3897.261719
3897.261719
3826.078857
3861.670410
3826.078857
3879.466064
3808.283203
3897.261719
3843.874512
3861.670410
4004.036133
3968.444580
3932.853271
3754.895996
3932.853271
3915.057373
3968.444580
3950.648926
4021.831787
3950.648926
3843.874512
3915.057373
3897.261719
3986.240234
3897.261719
4039.627441
4128.605957
4093.014648
4021.831787
4004.036133
3950.648926
4004.036133
4057.423096
4075.218994
4093.014648
3986.240234
4057.423096
3968.444580
4021.831787
3986.240234
4004.036133
4021.831787
4146.401855
4217.584473
4128.605957
4110.810547
4021.831787
3986.240234
4021.831787
4146.401855
4128.605957
4164.197754
4181.993164
4235.380371
3986.240234
4110.810547
4093.014648
4093.014648
4181.993164
4270.971680
4253.176270
4181.993164
4164.197754
4075.218994
4128.605957
4093.014648
4359.950195
4270.971680
4217.584473
4164.197754
4253.176270
4181.993164
4253.176270
4075.218994
4199.789062
4199.789062
4306.563477
4288.767578
4306.563477
4146.401855
4181.993164
4181.993164
4324.358887
4324.358887
4377.746094
4306.563477
4217.584473
4270.971680
4217.584473
4199.789062
4270.971680
4377.746094
4466.724609
4448.929199
4359.950195
4235.380371
4217.584473
4413.337402
4502.315918
4413.337402
4342.154785
4484.520508
4342.154785
4342.154785
4342.154785
4306.563477
4342.154785
4484.520508
4520.111816
4395.541992
4306.563477
4270.971680
4324.358887
4413.337402
4502.315918
4537.907715
4484.520508
4377.746094
4377.746094
4377.746094
4324.358887
4342.154785
4431.133301
4520.111816
4555.703125
4448.929199
4395.541992
4342.154785
4520.111816
4573.499023
4662.477539
4484.520508
4502.315918
4413.337402
4520.111816
4395.541992
4502.315918
4609.090332
4715.864746
4609.090332
4484.520508
4448.929199
4484.520508
4537.907715
4680.273438
4662.477539
4626.886230
4520.111816
4555.703125
4537.907715
4466.724609
4502.315918
4555.703125
4662.477539
4537.907715
4609.090332
4484.520508
4555.703125
4537.907715
4698.068848
4769.251953
4715.864746
4644.681641
4698.068848
4626.886230
4644.681641
4591.294922
4680.273438
4733.660645
4698.068848
4715.864746
4733.660645
5107.370605
5142.961914
5427.693359
5676.833496
5765.812012
5961.564941
6068.338867
6157.317871
6353.070801
6495.436523
6210.705078
6139.521973
6139.521973
6068.338867
5570.059082
5481.080566
4911.617676
4573.499023
4698.068848
4769.251953
4715.864746
4733.660645
4822.639160
4680.273438
4751.456055
4769.251953
4858.230469
4840.434570
4804.843262
4751.456055
4804.843262
4804.843262
4751.456055
5036.187500
4911.617676
4929.413086
4893.821777
4982.800293
4893.821777
4893.821777
5053.983398
4822.639160
4929.413086
4947.208984
5018.392090
4947.208984
4822.639160
4947.208984
4929.413086
4982.800293
4947.208984
4965.004883
4947.208984
5018.392090
5018.392090
4893.821777
4644.681641
4840.434570
4911.617676
4573.499023
4609.090332
4787.047363
4858.230469
4804.843262
4715.864746
4715.864746
4609.090332
4715.864746
4680.273438
4698.068848
4787.047363
4804.843262
4715.864746
4822.639160
4715.864746
4715.864746
4787.047363
4929.413086
5142.961914
5178.553223
5267.531738
5374.306152
5481.080566
5356.510254
5071.778809
4769.251953
4876.026367
4911.617676
5000.596191
4982.800293
5089.574707
4929.413086
4929.413086
4911.617676
5018.392090
5053.983398
5000.596191
5036.187500
4876.026367
4982.800293
4911.617676
4982.800293
5036.187500
5089.574707
5196.349121
5036.187500
4947.208984
4929.413086
5196.349121
5196.349121
4982.800293
5071.778809
5036.187500
5018.392090
5000.596191
5053.983398
5178.553223
5089.574707
5071.778809
4947.208984
4965.004883
5142.961914
5196.349121
5160.757812
5018.392090
0.000000
