0.000000
177.957153
-17.795715
71.182861
35.591431
53.387146
71.182861
71.182861
88.978577
88.978577
124.570007
124.570007
142.365723
142.365723
160.161438
142.365723
177.957153
177.957153
213.548584
195.752869
213.548584
231.344299
231.344299
231.344299
249.140015
266.935730
266.935730
284.731445
302.527161
320.322876
320.322876
320.322876
355.914307
338.118591
355.914307
373.710022
373.710022
373.710022
427.097168
409.301453
409.301453
480.484314
427.097168
462.688599
480.484314
462.688599
516.075745
480.484314
533.871460
516.075745
533.871460
516.075745
533.871460
533.871460
587.258606
587.258606
605.054321
551.667175
640.645752
605.054321
605.054321
640.645752
658.441467
676.237183
694.032898
694.032898
676.237183
694.032898
694.032898
694.032898
729.624329
729.624329
765.215759
765.215759
765.215759
765.215759
800.807190
818.602905
783.011475
783.011475
818.602905
836.398621
854.194336
871.990051
889.785767
889.785767
925.377197
889.785767
871.990051
925.377197
925.377197
978.764343
960.968628
978.764343
978.764343
996.560059
996.560059
1014.355774
1032.151489
1049.947266
1067.742920
1067.742920
1085.538696
1049.947266
1049.947266
1067.742920
1085.538696
1085.538696
1067.742920
1121.130127
1103.334351
1174.517212
1174.517212
1174.517212
1174.517212
1174.517212
1210.108643
1245.700073
1245.700073
1245.700073
1263.495850
1245.700073
1245.700073
1263.495850
1281.291504
1263.495850
1299.087280
1281.291504
1263.495850
1263.495850
1281.291504
1316.882935
1334.678711
1388.065796
1388.065796
1441.453003
1441.453003
1459.248657
1477.044434
1441.453003
1405.861572
1423.657227
1459.248657
1477.044434
1494.840088
1477.044434
1477.044434
1477.044434
1494.840088
1494.840088
1512.635864
1548.227295
1530.431519
1530.431519
1494.840088
1583.818726
1601.614380
1548.227295
1619.410156
1548.227295
1583.818726
1672.797241
1655.001587
1637.205811
1655.001587
1655.001587
1655.001587
1672.797241
1672.797241
1655.001587
1690.593018
1672.797241
1708.388672
1672.797241
1619.410156
1690.593018
1726.184448
1761.775879
1761.775879
1708.388672
1708.388672
1743.980103
1726.184448
1672.797241
1655.001587
1726.184448
1726.184448
1726.184448
1761.775879
1637.205811
1672.797241
1708.388672
1690.593018
1619.410156
1637.205811
1566.022949
1459.248657
1281.291504
1405.861572
1548.227295
1459.248657
1405.861572
1263.495850
1156.721558
1174.517212
1316.882935
1477.044434
1441.453003
1423.657227
1423.657227
1423.657227
1405.861572
1388.065796
1370.270142
1316.882935
1316.882935
1299.087280
1299.087280
1210.108643
1210.108643
1263.495850
1210.108643
1156.721558
1138.925781
1067.742920
978.764343
889.785767
818.602905
765.215759
711.828613
765.215759
783.011475
783.011475
836.398621
836.398621
818.602905
765.215759
711.828613
676.237183
747.420044
800.807190
818.602905
836.398621
854.194336
871.990051
871.990051
889.785767
889.785767
871.990051
854.194336
836.398621
818.602905
818.602905
783.011475
800.807190
800.807190
783.011475
783.011475
783.011475
729.624329
729.624329
711.828613
694.032898
694.032898
676.237183
676.237183
676.237183
694.032898
676.237183
694.032898
676.237183
658.441467
640.645752
622.850037
622.850037
622.850037
640.645752
622.850037
622.850037
605.054321
640.645752
676.237183
658.441467
622.850037
640.645752
622.850037
605.054321
622.850037
622.850037
605.054321
622.850037
640.645752
640.645752
605.054321
640.645752
640.645752
640.645752
676.237183
640.645752
676.237183
658.441467
676.237183
694.032898
676.237183
711.828613
729.624329
694.032898
711.828613
729.624329
747.420044
800.807190
729.624329
747.420044
765.215759
747.420044
783.011475
800.807190
871.990051
836.398621
889.785767
871.990051
871.990051
871.990051
854.194336
871.990051
871.990051
854.194336
907.581482
889.785767
925.377197
943.172913
925.377197
925.377197
943.172913
925.377197
978.764343
996.560059
996.560059
1014.355774
1032.151489
1049.947266
1014.355774
1049.947266
1049.947266
1138.925781
1138.925781
1138.925781
1138.925781
1121.130127
1121.130127
1103.334351
1085.538696
1103.334351
1103.334351
1121.130127
1174.517212
1156.721558
1174.517212
1138.925781
1138.925781
1156.721558
1174.517212
1210.108643
1174.517212
1156.721558
1174.517212
1156.721558
1156.721558
1156.721558
1192.312988
1210.108643
1174.517212
1156.721558
1156.721558
1103.334351
1174.517212
1174.517212
1138.925781
1192.312988
1138.925781
1085.538696
1121.130127
1138.925781
1156.721558
1156.721558
1192.312988
1138.925781
1138.925781
1121.130127
1138.925781
1210.108643
1174.517212
1138.925781
1121.130127
1156.721558
1103.334351
1121.130127
1085.538696
1103.334351
1121.130127
1138.925781
1156.721558
1103.334351
1067.742920
1085.538696
1067.742920
1067.742920
1067.742920
1049.947266
1014.355774
978.764343
1049.947266
1014.355774
1032.151489
1032.151489
1032.151489
1032.151489
1032.151489
1014.355774
978.764343
978.764343
978.764343
978.764343
978.764343
1014.355774
978.764343
960.968628
925.377197
925.377197
960.968628
925.377197
943.172913
889.785767
907.581482
907.581482
925.377197
925.377197
925.377197
907.581482
854.194336
871.990051
854.194336
818.602905
800.807190
765.215759
800.807190
871.990051
854.194336
907.581482
925.377197
889.785767
907.581482
925.377197
960.968628
907.581482
889.785767
943.172913
943.172913
889.785767
907.581482
925.377197
836.398621
871.990051
836.398621
854.194336
889.785767
889.785767
871.990051
854.194336
854.194336
854.194336
871.990051
854.194336
854.194336
907.581482
854.194336
871.990051
907.581482
907.581482
854.194336
854.194336
854.194336
889.785767
854.194336
836.398621
854.194336
907.581482
871.990051
854.194336
854.194336
871.990051
889.785767
889.785767
925.377197
925.377197
907.581482
907.581482
907.581482
925.377197
907.581482
907.581482
925.377197
925.377197
925.377197
943.172913
960.968628
960.968628
978.764343
925.377197
925.377197
907.581482
960.968628
960.968628
1032.151489
978.764343
978.764343
960.968628
996.560059
1014.355774
978.764343
996.560059
1014.355774
1014.355774
1032.151489
996.560059
996.560059
996.560059
978.764343
996.560059
996.560059
1014.355774
1032.151489
1032.151489
996.560059
996.560059
960.968628
960.968628
996.560059
1014.355774
1067.742920
1032.151489
1049.947266
1014.355774
978.764343
978.764343
1014.355774
996.560059
1032.151489
1085.538696
1067.742920
1032.151489
1032.151489
1032.151489
1014.355774
1014.355774
1032.151489
1049.947266
1049.947266
1032.151489
1067.742920
1032.151489
1049.947266
1014.355774
1032.151489
1049.947266
1049.947266
1049.947266
1049.947266
1014.355774
1014.355774
1014.355774
1032.151489
996.560059
1067.742920
960.968628
1049.947266
925.377197
1032.151489
943.172913
996.560059
960.968628
925.377197
1014.355774
960.968628
1014.355774
960.968628
960.968628
943.172913
978.764343
996.560059
960.968628
1032.151489
996.560059
1014.355774
996.560059
978.764343
960.968628
960.968628
1049.947266
907.581482
1032.151489
978.764343
925.377197
960.968628
925.377197
925.377197
925.377197
996.560059
871.990051
1014.355774
889.785767
943.172913
907.581482
925.377197
889.785767
960.968628
943.172913
978.764343
907.581482
925.377197
925.377197
925.377197
925.377197
854.194336
889.785767
889.785767
907.581482
943.172913
943.172913
925.377197
925.377197
925.377197
907.581482
907.581482
907.581482
889.785767
925.377197
907.581482
925.377197
925.377197
925.377197
925.377197
943.172913
925.377197
907.581482
925.377197
925.377197
960.968628
960.968628
943.172913
907.581482
907.581482
943.172913
889.785767
978.764343
978.764343
978.764343
960.968628
978.764343
996.560059
978.764343
978.764343
960.968628
960.968628
978.764343
960.968628
996.560059
960.968628
978.764343
978.764343
960.968628
960.968628
889.785767
978.764343
960.968628
960.968628
1032.151489
943.172913
978.764343
960.968628
925.377197
943.172913
960.968628
996.560059
996.560059
996.560059
943.172913
1049.947266
996.560059
996.560059
978.764343
1014.355774
996.560059
996.560059
996.560059
996.560059
996.560059
996.560059
996.560059
1032.151489
1032.151489
996.560059
1014.355774
1014.355774
996.560059
996.560059
1014.355774
1014.355774
1014.355774
1014.355774
1014.355774
1014.355774
996.560059
996.560059
996.560059
1014.355774
996.560059
996.560059
978.764343
996.560059
978.764343
996.560059
960.968628
978.764343
1067.742920
960.968628
1032.151489
978.764343
1032.151489
1014.355774
1014.355774
996.560059
996.560059
996.560059
1014.355774
996.560059
996.560059
1049.947266
943.172913
1032.151489
996.560059
960.968628
1049.947266
907.581482
996.560059
996.560059
978.764343
1014.355774
943.172913
960.968628
960.968628
925.377197
943.172913
978.764343
925.377197
1049.947266
907.581482
960.968628
996.560059
943.172913
996.560059
943.172913
996.560059
978.764343
996.560059
996.560059
960.968628
996.560059
943.172913
978.764343
960.968628
943.172913
978.764343
978.764343
978.764343
960.968628
943.172913
943.172913
925.377197
960.968628
943.172913
960.968628
925.377197
978.764343
960.968628
925.377197
907.581482
871.990051
907.581482
871.990051
943.172913
889.785767
907.581482
925.377197
907.581482
943.172913
925.377197
907.581482
907.581482
0.000000
